0,0,0,1,2,
0,1,0,0,1,
0,2,0,0,2,
0,3,0,0,1,
0,4,0,1,1,
0,5,0,0,2,
0,6,0,0,1,
0,7,0,0,2,
0,8,0,0,1,
0,9,0,1,0,
0,10,0,0,1,
0,11,0,0,2,
0,13,0,0,2,
0,14,0,0,1,
0,15,0,0,3,
0,16,0,0,1,
0,17,0,0,1,
0,18,0,1,3,
0,19,0,0,2,
0,20,0,0,2,
0,21,0,1,0,
0,22,0,0,2,
0,23,0,0,1,
0,24,0,0,4,
0,25,0,0,1,
0,26,0,0,1,
0,27,0,0,1,
0,28,0,0,2,
0,29,0,1,1,
0,30,0,0,2,
0,31,0,0,3,
0,32,0,0,2,
0,33,0,0,1,
0,34,0,0,2,
0,36,0,0,2,
0,37,0,0,1,
0,38,0,0,1,
0,39,0,0,1,
0,40,0,0,1,
0,41,0,0,1,
0,42,1,2,0,
0,43,0,1,0,
0,44,0,0,1,
0,45,0,0,4,
0,46,0,0,1,
0,47,0,0,2,
0,48,0,0,1,
0,49,0,0,1,
0,50,0,1,3,
0,51,0,0,1,
0,52,0,0,1,
0,53,0,0,1,
0,54,0,1,0,
0,55,1,2,0,
0,56,0,0,2,
0,57,0,0,1,
0,58,0,0,1,
0,59,0,0,2,
0,60,0,0,2,
0,61,0,1,1,
0,62,0,0,2,
0,63,0,0,2,
0,64,0,0,1,
0,65,0,1,0,
0,66,0,0,2,
0,67,0,0,1,
0,68,0,0,1,
0,69,0,0,1,
0,71,0,1,1,
0,72,0,1,1,
0,73,0,0,2,
0,74,0,0,2,
0,75,0,0,2,
0,76,0,0,0,
0,77,0,0,0,
0,78,0,0,0,
20,0,0,2,22,
20,2,0,6,14,
20,3,0,3,15,
20,5,0,4,9,
20,6,0,1,33,
20,8,0,1,13,
20,9,0,4,11,
20,11,0,4,17,
20,13,0,2,16,
20,17,0,6,17,
20,19,0,4,12,
20,22,0,4,13,
20,28,0,3,17,
20,31,0,5,13,
20,36,0,5,13,
20,37,0,3,19,
20,38,0,2,14,
20,39,0,5,13,
20,43,0,3,13,
20,45,0,4,20,
20,46,0,4,15,
20,47,0,7,17,
20,51,0,4,10,
20,55,1,27,0,
20,58,0,2,22,
20,59,0,3,20,
20,60,0,4,16,
20,66,0,3,13,
20,67,0,3,20,
20,68,0,5,19,
20,69,0,2,12,
20,72,0,11,12,
20,75,0,7,17,
20,77,0,2,13,
20,78,0,2,10,
20,79,0,2,15,
20,80,0,6,24,
20,81,0,8,17,
20,82,0,11,18,
20,83,0,6,11,
20,84,0,4,13,
20,85,0,3,17,
20,88,0,0,16,
20,90,0,4,16,
20,92,0,4,8,
20,99,0,0,8,
20,101,0,1,9,
20,102,0,3,12,
20,103,0,3,9,
20,105,0,1,3,
20,106,0,3,10,
20,107,0,2,11,
20,108,0,0,5,
20,109,0,2,10,
20,111,0,2,14,
20,113,0,0,5,
20,114,0,1,6,
20,115,0,0,5,
20,116,0,1,4,
20,117,0,2,7,
20,118,0,0,8,
20,121,0,1,4,
20,122,0,2,5,
20,123,0,0,6,
20,124,0,0,5,
20,125,0,2,5,
20,126,0,0,5,
20,127,0,0,6,
20,128,0,0,4,
20,129,0,0,1,
20,130,0,0,3,
20,131,0,0,1,
20,133,0,0,1,
20,134,0,0,0,
20,135,0,0,0,
20,136,0,0,0,
40,2,0,8,37,
40,5,0,7,15,
40,8,0,5,34,
40,9,0,5,23,
40,11,0,7,30,
40,19,0,9,29,
40,22,0,5,27,
40,39,0,10,30,
40,45,0,6,34,
40,47,0,17,28,
40,59,0,8,36,
40,60,0,8,32,
40,67,0,10,33,
40,75,0,11,29,
40,79,0,6,32,
40,80,0,8,39,
40,81,0,14,37,
40,82,0,17,31,
40,84,0,7,33,
40,85,0,5,36,
40,88,0,2,29,
40,92,0,12,20,
40,105,0,5,17,
40,107,0,5,26,
40,111,0,8,25,
40,113,0,2,21,
40,121,0,4,19,
40,122,0,10,25,
40,125,0,7,21,
40,126,0,4,23,
40,127,0,5,26,
40,128,0,10,20,
40,134,0,4,18,
40,135,0,3,18,
40,138,0,1,21,
40,141,0,7,14,
40,142,0,3,18,
40,146,0,6,9,
40,147,0,8,7,
40,149,0,3,14,
40,150,0,4,20,
40,151,0,5,9,
40,152,0,7,6,
40,154,0,0,4,
40,155,0,1,9,
40,156,0,4,16,
40,159,0,6,10,
40,160,0,1,9,
40,168,0,4,7,
40,169,0,5,3,
40,170,0,3,7,
40,172,0,2,5,
40,173,0,0,5,
40,174,0,0,8,
40,175,0,0,4,
40,176,0,2,5,
40,177,0,1,5,
40,178,0,0,4,
40,179,0,2,3,
40,180,0,2,2,
40,181,0,2,3,
40,182,0,0,4,
40,183,0,1,7,
40,184,0,1,5,
40,185,0,0,2,
40,186,0,0,1,
40,187,0,1,1,
40,188,0,0,3,
40,189,0,1,2,
40,190,0,0,3,
40,191,0,1,1,
40,192,0,1,0,
40,193,0,0,2,
40,194,0,0,0,
40,195,0,0,0,
40,196,0,0,0,
60,2,0,11,50,
60,8,0,7,53,
60,11,0,14,46,
60,45,0,12,47,
60,59,0,10,53,
60,60,0,11,43,
60,81,0,22,53,
60,82,0,18,45,
60,88,0,4,48,
60,92,0,16,36,
60,105,0,7,30,
60,111,0,12,41,
60,113,0,8,32,
60,126,0,11,36,
60,149,0,4,29,
60,150,0,8,35,
60,154,0,4,14,
60,159,0,15,24,
60,160,0,7,24,
60,168,0,7,28,
60,169,0,7,22,
60,170,0,6,23,
60,173,0,3,19,
60,174,0,5,27,
60,176,0,11,18,
60,177,0,4,16,
60,180,0,6,18,
60,182,0,5,22,
60,183,0,9,21,
60,184,0,4,18,
60,186,0,4,25,
60,190,0,2,19,
60,193,0,8,18,
60,195,0,6,14,
60,197,0,2,14,
60,199,0,5,11,
60,201,0,5,17,
60,206,0,5,10,
60,208,0,6,15,
60,209,0,3,18,
60,210,0,1,13,
60,212,0,0,7,
60,214,0,1,16,
60,217,0,4,11,
60,221,0,0,8,
60,222,0,3,6,
60,223,0,1,13,
60,224,0,2,6,
60,225,0,4,7,
60,226,0,1,10,
60,227,0,6,6,
60,228,0,5,5,
60,229,0,3,9,
60,230,0,2,4,
60,231,0,1,3,
60,232,0,0,2,
60,235,0,1,1,
60,236,0,2,4,
60,238,0,1,3,
60,239,0,3,4,
60,240,0,2,10,
60,241,0,1,2,
60,242,0,1,8,
60,243,0,1,3,
60,244,0,2,1,
60,245,0,0,4,
60,246,0,0,3,
60,247,0,2,1,
60,248,0,0,1,
60,249,0,0,2,
60,250,0,1,1,
60,251,0,1,1,
60,252,0,0,1,
60,253,0,0,0,
60,254,0,0,0,
60,255,0,0,0,
80,8,0,14,69,
80,59,0,14,64,
80,60,0,14,54,
80,88,0,8,61,
80,113,0,10,41,
80,126,0,15,49,
80,150,0,11,51,
80,159,0,20,40,
80,173,0,9,37,
80,174,0,10,40,
80,176,0,20,45,
80,177,0,6,31,
80,182,0,11,36,
80,184,0,7,35,
80,190,0,7,35,
80,197,0,4,28,
80,199,0,11,24,
80,210,0,6,25,
80,217,0,11,28,
80,221,0,2,31,
80,222,0,8,13,
80,225,0,12,23,
80,226,0,7,25,
80,228,0,10,17,
80,230,0,6,17,
80,235,0,5,13,
80,238,0,6,20,
80,240,0,8,25,
80,242,0,5,26,
80,243,0,7,14,
80,244,0,10,22,
80,251,0,8,15,
80,252,0,3,10,
80,253,0,5,14,
80,255,0,5,14,
80,260,0,3,18,
80,263,0,5,14,
80,264,0,3,10,
80,265,0,6,14,
80,266,0,3,17,
80,268,0,8,13,
80,269,0,7,11,
80,270,0,3,9,
80,271,0,4,20,
80,273,0,1,10,
80,275,0,2,9,
80,276,0,4,11,
80,280,0,5,9,
80,281,0,1,11,
80,282,0,0,8,
80,284,0,1,9,
80,285,0,5,10,
80,287,0,2,8,
80,288,0,2,7,
80,289,0,5,5,
80,292,0,2,7,
80,294,0,4,2,
80,295,0,1,5,
80,297,0,3,6,
80,298,0,1,6,
80,299,0,2,4,
80,300,0,0,6,
80,301,0,1,5,
80,302,0,1,1,
80,303,0,2,4,
80,304,0,1,2,
80,305,0,1,2,
80,306,0,0,1,
80,307,0,2,1,
80,308,0,1,3,
80,309,0,0,1,
80,310,0,0,2,
80,311,0,0,2,
80,312,0,0,0,
80,313,0,0,0,
80,314,0,0,0,
100,88,0,12,73,
100,126,0,18,74,
100,150,0,16,68,
100,159,0,32,63,
100,173,0,11,46,
100,174,0,16,50,
100,177,0,11,41,
100,190,0,14,58,
100,199,0,16,38,
100,217,0,14,44,
100,225,0,16,35,
100,238,0,12,36,
100,240,0,11,38,
100,244,0,14,33,
100,252,0,15,22,
100,253,0,13,26,
100,255,0,8,29,
100,263,0,8,34,
100,269,0,11,23,
100,271,0,14,38,
100,275,0,16,27,
100,276,0,9,19,
100,281,0,6,29,
100,282,0,7,23,
100,284,0,5,28,
100,285,0,11,25,
100,292,0,11,19,
100,294,0,8,11,
100,295,0,5,20,
100,297,0,10,23,
100,300,0,11,23,
100,306,0,3,22,
100,307,0,6,12,
100,312,0,6,15,
100,316,0,4,15,
100,318,0,2,11,
100,319,0,4,11,
100,321,0,11,13,
100,322,0,3,13,
100,323,0,4,14,
100,327,0,1,5,
100,329,0,3,11,
100,330,0,3,11,
100,332,0,1,10,
100,333,0,2,13,
100,334,0,3,15,
100,335,0,1,9,
100,336,0,1,12,
100,337,0,0,11,
100,338,0,6,8,
100,340,0,3,13,
100,345,0,0,6,
100,346,0,4,9,
100,347,0,2,6,
100,348,0,1,8,
100,349,0,3,8,
100,351,0,2,5,
100,352,0,3,5,
100,353,0,1,10,
100,354,0,2,7,
100,355,0,2,4,
100,356,0,0,4,
100,357,0,0,5,
100,358,0,3,5,
100,360,0,4,1,
100,361,0,0,2,
100,364,0,0,3,
100,365,0,3,3,
100,367,0,0,2,
100,368,0,0,2,
100,369,0,1,3,
100,370,0,0,1,
100,371,0,1,0,
100,372,0,0,0,
100,373,0,0,0,
100,374,0,0,0,
120,126,0,23,87,
120,150,0,22,81,
120,177,0,15,58,
120,217,0,18,58,
120,238,0,16,50,
120,269,0,16,32,
120,271,0,19,52,
120,275,0,18,43,
120,282,0,11,48,
120,284,0,7,45,
120,294,0,15,32,
120,295,0,8,36,
120,307,0,10,27,
120,312,0,17,37,
120,316,0,7,32,
120,318,0,4,24,
120,319,0,7,30,
120,321,0,15,30,
120,322,0,5,31,
120,323,0,13,27,
120,327,0,2,17,
120,329,0,7,34,
120,330,0,8,22,
120,332,0,5,28,
120,333,0,8,29,
120,334,0,5,30,
120,335,0,3,26,
120,336,0,6,33,
120,340,0,4,32,
120,345,0,4,23,
120,346,0,7,25,
120,347,0,5,18,
120,348,0,2,30,
120,360,0,6,14,
120,364,0,0,20,
120,365,0,5,16,
120,369,0,6,20,
120,371,0,5,10,
120,372,0,3,16,
120,373,0,9,12,
120,376,0,3,17,
120,381,0,4,16,
120,382,0,7,21,
120,383,0,4,17,
120,386,0,3,21,
120,388,0,3,18,
120,393,0,2,14,
120,394,0,4,11,
120,396,0,3,16,
120,400,0,0,7,
120,401,0,2,6,
120,403,0,2,10,
120,404,0,3,9,
120,405,0,0,2,
120,408,0,1,6,
120,409,0,1,7,
120,410,0,2,7,
120,411,0,1,7,
120,412,0,4,10,
120,413,0,0,6,
120,414,0,0,7,
120,418,0,3,3,
120,419,0,1,2,
120,420,0,0,2,
120,421,0,1,4,
120,422,0,0,3,
120,423,0,1,2,
120,424,0,2,2,
120,425,0,0,3,
120,427,0,1,2,
120,428,0,0,1,
120,429,0,1,0,
120,430,0,0,1,
120,431,0,0,0,
120,432,0,0,0,
120,433,0,0,0,
140,126,0,27,104,
140,177,0,19,70,
140,217,0,21,72,
140,238,0,23,74,
140,282,0,16,67,
140,294,0,18,45,
140,295,0,11,52,
140,307,0,18,41,
140,316,0,13,46,
140,319,0,10,42,
140,322,0,12,44,
140,323,0,18,40,
140,330,0,13,38,
140,333,0,13,48,
140,334,0,10,40,
140,335,0,11,50,
140,336,0,6,44,
140,340,0,5,52,
140,345,0,7,40,
140,372,0,11,27,
140,373,0,11,28,
140,393,0,8,42,
140,394,0,10,24,
140,405,0,4,18,
140,409,0,7,20,
140,410,0,7,22,
140,411,0,4,20,
140,412,0,6,23,
140,414,0,2,19,
140,420,0,5,8,
140,421,0,5,19,
140,424,0,5,16,
140,428,0,5,16,
140,430,0,0,19,
140,433,0,4,12,
140,435,0,2,17,
140,437,0,2,11,
140,439,0,5,16,
140,442,0,5,16,
140,443,0,5,16,
140,444,0,4,9,
140,445,0,1,15,
140,446,0,5,14,
140,449,0,3,11,
140,450,0,3,11,
140,452,0,2,12,
140,453,0,6,13,
140,454,0,2,6,
140,456,0,3,10,
140,457,0,0,5,
140,459,0,1,19,
140,460,0,3,6,
140,461,0,1,7,
140,463,0,3,5,
140,467,0,8,4,
140,469,0,1,7,
140,470,0,3,5,
140,472,0,1,4,
140,473,0,4,8,
140,474,0,4,2,
140,475,0,1,4,
140,476,0,2,5,
140,477,0,3,3,
140,478,0,3,4,
140,479,0,1,2,
140,480,0,1,1,
140,483,0,2,1,
140,484,0,1,2,
140,485,0,1,2,
140,486,0,0,2,
140,487,0,1,1,
140,489,0,1,2,
140,490,0,0,1,
140,491,0,0,0,
140,492,0,0,0,
140,493,0,0,0,
160,126,0,32,118,
160,282,0,18,87,
160,295,0,16,68,
160,316,0,21,55,
160,322,0,18,65,
160,323,0,24,61,
160,330,0,17,58,
160,335,0,15,67,
160,336,0,12,58,
160,372,0,17,39,
160,373,0,16,38,
160,405,0,9,31,
160,420,0,8,26,
160,428,0,9,24,
160,433,0,6,27,
160,435,0,5,38,
160,437,0,5,24,
160,442,0,14,40,
160,443,0,7,33,
160,445,0,3,32,
160,446,0,14,31,
160,452,0,5,27,
160,454,0,3,18,
160,456,0,5,24,
160,459,0,6,33,
160,461,0,6,24,
160,467,0,13,18,
160,472,0,7,25,
160,473,0,13,31,
160,475,0,6,12,
160,479,0,5,23,
160,480,0,5,21,
160,485,0,6,17,
160,487,0,2,21,
160,494,0,7,16,
160,496,0,6,15,
160,498,0,7,8,
160,499,0,6,10,
160,501,0,4,25,
160,504,0,2,10,
160,505,0,5,11,
160,506,0,1,6,
160,508,0,4,13,
160,510,0,2,10,
160,511,0,2,8,
160,512,0,1,8,
160,514,0,5,11,
160,515,0,3,10,
160,518,0,1,14,
160,520,0,4,8,
160,521,0,1,13,
160,522,0,5,12,
160,523,0,0,3,
160,525,0,0,4,
160,527,0,0,3,
160,530,0,1,4,
160,531,0,2,5,
160,532,0,2,6,
160,533,0,0,6,
160,534,0,3,8,
160,535,0,0,6,
160,537,0,1,4,
160,538,0,0,5,
160,539,0,0,6,
160,540,0,0,5,
160,542,0,1,1,
160,543,0,2,3,
160,544,0,0,2,
160,545,0,1,4,
160,546,0,0,5,
160,547,0,1,3,
160,548,0,0,2,
160,549,0,0,1,
160,550,0,0,0,
160,551,0,0,0,
160,552,0,0,0,
180,295,0,20,79,
180,336,0,15,67,
180,372,0,24,55,
180,405,0,12,46,
180,437,0,11,41,
180,443,0,8,48,
180,446,0,19,42,
180,454,0,5,32,
180,456,0,7,37,
180,459,0,10,46,
180,480,0,9,44,
180,487,0,6,35,
180,498,0,9,25,
180,501,0,10,46,
180,504,0,7,28,
180,508,0,11,24,
180,522,0,12,27,
180,523,0,5,15,
180,525,0,0,21,
180,527,0,3,22,
180,530,0,6,24,
180,531,0,11,18,
180,532,0,8,21,
180,533,0,2,20,
180,535,0,2,16,
180,537,0,3,15,
180,539,0,2,27,
180,540,0,3,26,
180,542,0,6,21,
180,544,0,2,20,
180,546,0,5,26,
180,548,0,7,17,
180,550,0,4,20,
180,554,0,4,21,
180,557,0,1,17,
180,561,0,4,9,
180,562,0,3,20,
180,565,0,2,11,
180,567,0,4,14,
180,568,0,3,14,
180,570,0,3,15,
180,571,0,4,11,
180,572,0,2,10,
180,573,0,0,10,
180,574,0,6,9,
180,578,0,2,7,
180,579,0,2,11,
180,580,0,2,9,
180,582,0,4,7,
180,583,0,1,9,
180,584,0,1,8,
180,585,0,3,5,
180,586,0,2,7,
180,587,0,1,11,
180,588,0,1,7,
180,592,0,0,4,
180,593,0,1,5,
180,594,0,0,6,
180,595,0,3,3,
180,596,0,1,2,
180,597,0,2,5,
180,598,0,4,6,
180,599,0,1,5,
180,600,0,0,3,
180,601,0,3,0,
180,602,0,0,5,
180,603,0,1,2,
180,604,0,0,2,
180,605,0,1,1,
180,606,0,1,2,
180,607,0,0,1,
180,608,0,0,1,
180,609,0,1,1,
180,610,0,0,0,
180,611,0,0,0,
180,612,0,0,0,
200,295,0,27,88,
200,336,0,19,78,
200,372,0,28,71,
200,405,0,14,62,
200,446,0,24,64,
200,454,0,8,52,
200,459,0,15,58,
200,480,0,15,55,
200,508,0,16,42,
200,522,0,20,50,
200,532,0,10,34,
200,539,0,5,37,
200,550,0,8,27,
200,565,0,4,23,
200,572,0,9,24,
200,573,0,2,26,
200,574,0,8,28,
200,578,0,4,30,
200,580,0,7,22,
200,585,0,7,21,
200,586,0,5,23,
200,588,0,7,23,
200,592,0,4,23,
200,593,0,5,16,
200,594,0,3,17,
200,596,0,4,16,
200,598,0,7,22,
200,605,0,2,18,
200,606,0,7,18,
200,608,0,3,24,
200,610,0,7,18,
200,611,0,3,16,
200,612,0,9,27,
200,613,0,6,17,
200,617,0,6,16,
200,618,0,6,15,
200,621,0,5,11,
200,622,0,3,15,
200,624,0,5,14,
200,625,0,3,13,
200,627,0,2,8,
200,630,0,2,10,
200,632,0,1,10,
200,633,0,3,13,
200,634,0,0,10,
200,635,0,4,10,
200,636,0,2,10,
200,637,0,5,9,
200,639,0,0,4,
200,640,0,0,6,
200,641,0,2,14,
200,643,0,1,8,
200,644,0,2,7,
200,648,0,1,10,
200,649,0,5,8,
200,650,0,3,8,
200,651,0,1,3,
200,652,0,0,4,
200,653,0,2,10,
200,654,0,2,5,
200,655,0,1,10,
200,656,0,2,3,
200,657,0,0,5,
200,659,0,0,8,
200,660,0,1,1,
200,661,0,1,3,
200,662,0,0,5,
200,663,0,0,2,
200,664,0,0,1,
200,666,0,0,4,
200,667,0,1,1,
200,668,0,0,1,
200,669,0,0,2,
200,670,0,0,0,
200,671,0,0,0,
200,672,0,0,0,
220,295,0,31,99,
220,336,0,25,88,
220,372,0,31,98,
220,454,0,14,63,
220,508,0,20,51,
220,532,0,15,44,
220,565,0,11,38,
220,573,0,6,44,
220,574,0,10,46,
220,580,0,11,38,
220,585,0,9,31,
220,586,0,13,38,
220,592,0,7,37,
220,593,0,11,30,
220,598,0,11,37,
220,605,0,5,38,
220,606,0,15,34,
220,608,0,8,48,
220,613,0,10,33,
220,618,0,13,38,
220,622,0,5,31,
220,624,0,11,30,
220,634,0,3,22,
220,637,0,5,26,
220,643,0,6,17,
220,648,0,5,27,
220,649,0,8,26,
220,652,0,4,16,
220,654,0,6,24,
220,655,0,9,27,
220,660,0,4,15,
220,663,0,5,23,
220,667,0,2,15,
220,670,0,4,14,
220,674,0,2,13,
220,675,0,4,9,
220,676,0,3,19,
220,680,0,1,15,
220,682,0,7,12,
220,687,0,5,12,
220,689,0,1,8,
220,690,0,4,11,
220,691,0,0,9,
220,692,0,3,9,
220,693,0,6,10,
220,694,0,3,16,
220,695,0,3,9,
220,696,0,4,8,
220,697,0,3,10,
220,698,0,3,5,
220,699,0,3,9,
220,700,0,3,13,
220,701,0,4,9,
220,705,0,2,4,
220,707,0,4,11,
220,709,0,3,9,
220,711,0,1,5,
220,712,0,1,3,
220,715,0,4,2,
220,716,0,0,7,
220,717,0,1,10,
220,718,0,0,3,
220,719,0,0,1,
220,720,0,0,3,
220,721,0,0,2,
220,722,0,0,2,
220,723,0,0,2,
220,724,0,0,2,
220,725,0,1,1,
220,726,0,0,1,
220,727,0,1,1,
220,728,0,0,3,
220,729,0,0,1,
220,730,0,0,0,
220,731,0,0,0,
220,732,0,0,0,
240,295,0,37,111,
240,372,0,34,113,
240,454,0,18,75,
240,508,0,22,79,
240,574,0,13,58,
240,580,0,16,61,
240,586,0,21,55,
240,592,0,8,52,
240,593,0,14,55,
240,605,0,11,50,
240,606,0,23,53,
240,613,0,14,45,
240,622,0,9,53,
240,634,0,10,37,
240,649,0,12,39,
240,654,0,8,38,
240,660,0,6,24,
240,670,0,11,35,
240,680,0,3,28,
240,682,0,8,26,
240,687,0,9,22,
240,691,0,2,24,
240,693,0,8,31,
240,695,0,6,23,
240,696,0,7,26,
240,699,0,3,30,
240,700,0,9,29,
240,705,0,7,24,
240,709,0,5,22,
240,712,0,2,13,
240,719,0,4,17,
240,722,0,2,19,
240,725,0,5,18,
240,726,0,4,17,
240,729,0,5,14,
240,732,0,3,14,
240,733,0,2,27,
240,738,0,4,14,
240,739,0,6,14,
240,740,0,5,14,
240,741,0,1,16,
240,743,0,4,12,
240,745,0,6,13,
240,747,0,1,14,
240,749,0,1,16,
240,752,0,1,8,
240,755,0,2,7,
240,756,0,4,12,
240,757,0,4,10,
240,758,0,2,3,
240,759,0,1,11,
240,760,0,5,5,
240,761,0,1,7,
240,764,0,3,5,
240,765,0,1,9,
240,767,0,1,6,
240,768,0,1,9,
240,769,0,0,6,
240,770,0,0,10,
240,771,0,3,6,
240,772,0,1,5,
240,774,0,0,4,
240,776,0,1,6,
240,777,0,2,2,
240,778,0,0,4,
240,780,0,2,6,
240,781,0,1,4,
240,783,0,0,6,
240,784,0,1,2,
240,785,0,0,2,
240,786,0,0,2,
240,787,0,1,1,
240,788,0,0,1,
240,790,0,0,0,
240,791,0,0,0,
240,792,0,0,0,
260,592,0,13,74,
260,605,0,13,67,
260,606,0,31,69,
260,613,0,17,56,
260,634,0,16,56,
260,654,0,9,55,
260,670,0,18,50,
260,696,0,12,45,
260,705,0,9,35,
260,709,0,7,36,
260,722,0,4,27,
260,729,0,10,36,
260,739,0,9,29,
260,740,0,6,28,
260,741,0,3,32,
260,747,0,5,30,
260,749,0,4,33,
260,755,0,8,22,
260,756,0,11,28,
260,758,0,3,13,
260,760,0,8,14,
260,761,0,7,22,
260,764,0,6,26,
260,768,0,4,29,
260,769,0,4,16,
260,770,0,10,38,
260,771,0,3,22,
260,776,0,5,19,
260,780,0,4,22,
260,790,0,5,19,
260,791,0,3,14,
260,793,0,5,10,
260,794,0,2,21,
260,797,0,3,22,
260,798,0,4,9,
260,802,0,4,14,
260,804,0,3,14,
260,806,0,2,10,
260,808,0,2,7,
260,809,0,3,8,
260,810,0,1,16,
260,811,0,2,9,
260,812,0,2,15,
260,815,0,0,6,
260,817,0,4,12,
260,818,0,1,14,
260,819,0,4,9,
260,820,0,4,5,
260,821,0,2,11,
260,822,0,0,12,
260,823,0,0,9,
260,825,0,0,11,
260,827,0,1,2,
260,828,0,0,7,
260,829,0,1,10,
260,830,0,1,5,
260,831,0,1,12,
260,832,0,2,7,
260,833,0,2,4,
260,835,0,4,1,
260,836,0,2,6,
260,837,0,1,2,
260,838,0,2,5,
260,839,0,0,3,
260,840,0,2,5,
260,841,0,0,3,
260,842,0,1,4,
260,843,0,1,2,
260,844,0,0,1,
260,846,0,0,2,
260,847,0,0,3,
260,848,0,0,2,
260,849,0,0,1,
260,850,0,0,0,
260,851,0,0,0,
260,852,0,0,0,
280,605,0,15,85,
280,654,0,13,62,
280,696,0,13,63,
280,709,0,12,46,
280,740,0,11,39,
280,749,0,6,47,
280,755,0,10,37,
280,758,0,5,22,
280,760,0,11,28,
280,764,0,9,42,
280,768,0,9,45,
280,771,0,5,34,
280,776,0,9,39,
280,790,0,10,35,
280,791,0,8,30,
280,797,0,8,36,
280,802,0,7,31,
280,804,0,5,28,
280,812,0,3,29,
280,815,0,4,19,
280,818,0,3,41,
280,822,0,4,23,
280,825,0,5,32,
280,829,0,4,25,
280,830,0,5,26,
280,833,0,7,31,
280,836,0,4,26,
280,837,0,3,34,
280,838,0,5,31,
280,839,0,0,21,
280,840,0,5,22,
280,843,0,5,14,
280,844,0,7,23,
280,849,0,1,21,
280,850,0,4,19,
280,851,0,2,21,
280,852,0,5,12,
280,855,0,6,12,
280,857,0,3,16,
280,858,0,3,12,
280,861,0,3,17,
280,863,0,1,15,
280,864,0,5,13,
280,865,0,3,14,
280,866,0,1,10,
280,868,0,1,17,
280,873,0,1,12,
280,875,0,3,7,
280,877,0,3,6,
280,878,0,3,8,
280,879,0,3,14,
280,880,0,0,9,
280,882,0,1,9,
280,885,0,1,11,
280,886,0,0,9,
280,887,0,2,4,
280,888,0,2,11,
280,889,0,1,9,
280,891,0,2,9,
280,892,0,1,4,
280,893,0,0,1,
280,894,0,0,8,
280,896,0,0,5,
280,897,0,1,5,
280,898,0,2,5,
280,900,0,0,4,
280,901,0,1,4,
280,902,0,0,2,
280,903,0,1,4,
280,904,0,0,1,
280,906,0,2,0,
280,907,0,0,1,
280,908,0,0,1,
280,909,0,0,1,
280,910,0,0,0,
280,912,0,0,0,
300,696,0,16,77,
300,709,0,16,66,
300,740,0,13,52,
300,749,0,11,72,
300,755,0,15,51,
300,768,0,11,67,
300,791,0,9,47,
300,804,0,8,46,
300,812,0,4,41,
300,815,0,8,34,
300,818,0,7,56,
300,822,0,8,40,
300,830,0,9,42,
300,833,0,9,50,
300,837,0,8,53,
300,839,0,5,39,
300,840,0,9,35,
300,843,0,10,29,
300,852,0,9,36,
300,855,0,7,25,
300,858,0,5,24,
300,861,0,5,33,
300,864,0,7,32,
300,866,0,5,34,
300,882,0,4,27,
300,885,0,7,24,
300,888,0,7,28,
300,889,0,2,27,
300,892,0,2,21,
300,893,0,2,24,
300,898,0,5,25,
300,900,0,4,24,
300,901,0,3,24,
300,904,0,5,14,
300,908,0,1,12,
300,912,0,2,9,
300,914,0,3,23,
300,916,0,3,15,
300,918,0,4,11,
300,927,0,0,10,
300,928,0,6,19,
300,929,0,1,9,
300,930,0,4,14,
300,931,0,3,13,
300,932,0,0,12,
300,933,0,4,14,
300,934,0,1,14,
300,936,0,0,9,
300,937,0,1,9,
300,939,0,2,10,
300,941,0,2,7,
300,942,0,4,5,
300,944,0,2,11,
300,945,0,0,12,
300,946,0,0,9,
300,947,0,3,9,
300,948,0,0,5,
300,950,0,0,7,
300,951,0,0,8,
300,952,0,2,6,
300,953,0,1,2,
300,954,0,0,5,
300,955,0,2,2,
300,956,0,1,4,
300,959,0,1,4,
300,960,0,0,3,
300,961,0,1,4,
300,963,0,0,3,
300,964,0,0,2,
300,965,0,0,4,
300,966,0,1,1,
300,967,0,0,1,
300,968,0,0,2,
300,969,0,0,0,
300,970,0,0,0,
300,971,0,0,0,
320,740,0,16,69,
320,749,0,12,99,
320,768,0,13,79,
320,791,0,10,69,
320,815,0,9,52,
320,818,0,9,69,
320,822,0,8,54,
320,837,0,13,67,
320,852,0,11,49,
320,866,0,6,56,
320,888,0,8,52,
320,889,0,3,43,
320,898,0,6,38,
320,901,0,4,44,
320,904,0,8,33,
320,908,0,6,25,
320,914,0,4,38,
320,927,0,0,33,
320,928,0,7,34,
320,931,0,4,24,
320,933,0,7,34,
320,934,0,4,35,
320,936,0,1,25,
320,937,0,7,22,
320,941,0,4,29,
320,942,0,6,25,
320,950,0,0,17,
320,951,0,1,15,
320,952,0,6,26,
320,953,0,1,16,
320,956,0,3,21,
320,959,0,2,24,
320,961,0,5,27,
320,966,0,7,23,
320,967,0,2,22,
320,968,0,3,24,
320,973,0,7,19,
320,975,0,1,23,
320,978,0,3,10,
320,981,0,2,16,
320,982,0,1,16,
320,983,0,1,17,
320,986,0,3,17,
320,990,0,0,12,
320,991,0,2,10,
320,992,0,0,16,
320,993,0,0,14,
320,994,0,1,8,
320,996,0,2,5,
320,998,0,1,9,
320,999,0,2,13,
320,1000,0,1,8,
320,1002,0,0,7,
320,1003,0,3,5,
320,1004,0,0,5,
320,1005,0,1,10,
320,1006,0,1,4,
320,1007,0,2,6,
320,1008,0,3,9,
320,1011,0,2,6,
320,1012,0,0,10,
320,1013,0,0,6,
320,1014,0,1,3,
320,1015,0,0,3,
320,1017,0,1,4,
320,1018,0,0,1,
320,1019,0,0,5,
320,1020,0,1,1,
320,1021,0,0,2,
320,1022,0,0,1,
320,1023,0,0,2,
320,1024,0,0,2,
320,1025,0,1,1,
320,1026,0,0,0,
320,1027,0,0,0,
320,1028,0,0,0,
340,749,0,20,116,
340,818,0,10,95,
340,852,0,11,60,
340,898,0,9,55,
340,901,0,6,56,
340,908,0,7,39,
340,931,0,9,39,
340,933,0,11,54,
340,934,0,7,56,
340,937,0,9,37,
340,941,0,6,47,
340,942,0,8,42,
340,950,0,2,31,
340,951,0,3,29,
340,952,0,8,37,
340,953,0,3,36,
340,956,0,5,45,
340,959,0,4,42,
340,967,0,6,38,
340,973,0,7,37,
340,975,0,4,39,
340,983,0,3,43,
340,986,0,4,36,
340,991,0,2,26,
340,994,0,3,30,
340,1002,0,4,29,
340,1003,0,5,33,
340,1005,0,5,35,
340,1007,0,8,21,
340,1011,0,5,31,
340,1015,0,5,19,
340,1018,0,2,8,
340,1024,0,1,20,
340,1026,0,3,21,
340,1027,0,0,11,
340,1028,0,4,20,
340,1029,0,8,18,
340,1031,0,5,20,
340,1032,0,1,16,
340,1033,0,4,10,
340,1035,0,1,14,
340,1038,0,4,21,
340,1043,0,3,16,
340,1044,0,1,10,
340,1046,0,1,12,
340,1049,0,0,14,
340,1050,0,0,8,
340,1051,0,2,10,
340,1052,0,0,11,
340,1057,0,1,16,
340,1058,0,0,13,
340,1059,0,2,6,
340,1060,0,1,7,
340,1061,0,2,9,
340,1062,0,0,1,
340,1064,0,2,6,
340,1066,0,1,6,
340,1067,0,3,3,
340,1068,0,0,4,
340,1070,0,0,5,
340,1071,0,1,9,
340,1072,0,1,1,
340,1073,0,0,8,
340,1074,0,1,3,
340,1076,0,0,6,
340,1077,0,1,2,
340,1078,0,0,5,
340,1079,0,1,3,
340,1081,0,0,2,
340,1082,0,1,2,
340,1083,0,0,1,
340,1084,0,0,1,
340,1085,0,0,2,
340,1086,0,0,0,
340,1087,0,0,0,
340,1088,0,0,0,
360,749,0,22,138,
360,818,0,11,115,
360,898,0,13,83,
360,937,0,11,43,
360,942,0,9,62,
360,950,0,5,54,
360,951,0,4,41,
360,952,0,11,51,
360,953,0,7,50,
360,973,0,11,57,
360,983,0,6,64,
360,994,0,6,46,
360,1003,0,7,52,
360,1011,0,6,55,
360,1015,0,6,36,
360,1024,0,2,36,
360,1031,0,10,35,
360,1033,0,12,27,
360,1035,0,7,27,
360,1038,0,5,36,
360,1052,0,3,41,
360,1057,0,5,40,
360,1058,0,3,33,
360,1062,0,4,16,
360,1064,0,4,22,
360,1066,0,3,28,
360,1068,0,2,15,
360,1070,0,3,23,
360,1071,0,4,27,
360,1073,0,2,30,
360,1077,0,2,13,
360,1078,0,4,24,
360,1081,0,5,18,
360,1083,0,4,18,
360,1085,0,1,14,
360,1087,0,2,14,
360,1089,0,0,24,
360,1091,0,4,22,
360,1093,0,3,16,
360,1095,0,6,18,
360,1099,0,1,13,
360,1101,0,0,12,
360,1105,0,2,14,
360,1106,0,5,5,
360,1109,0,3,5,
360,1110,0,1,8,
360,1114,0,1,7,
360,1115,0,3,9,
360,1116,0,1,14,
360,1118,0,1,18,
360,1120,0,1,5,
360,1121,0,1,10,
360,1123,0,3,12,
360,1124,0,0,7,
360,1125,0,0,9,
360,1126,0,1,4,
360,1128,0,0,4,
360,1129,0,0,9,
360,1130,0,1,9,
360,1131,0,1,3,
360,1133,0,1,5,
360,1134,0,2,3,
360,1135,0,2,3,
360,1136,0,0,1,
360,1137,0,0,3,
360,1138,0,0,5,
360,1139,0,1,0,
360,1140,0,0,1,
360,1141,0,0,2,
360,1142,0,0,3,
360,1143,0,0,1,
360,1144,0,1,1,
360,1145,0,0,2,
360,1146,0,0,0,
360,1147,0,0,0,
360,1148,0,0,0,
380,749,0,27,155,
380,818,0,15,131,
380,898,0,15,104,
380,951,0,8,54,
380,952,0,11,64,
380,953,0,8,61,
380,973,0,15,78,
380,1015,0,8,59,
380,1031,0,13,46,
380,1035,0,10,38,
380,1052,0,5,54,
380,1057,0,7,53,
380,1058,0,6,53,
380,1062,0,7,35,
380,1071,0,8,45,
380,1073,0,7,56,
380,1077,0,5,34,
380,1089,0,3,42,
380,1091,0,8,44,
380,1099,0,3,31,
380,1101,0,3,29,
380,1105,0,9,45,
380,1109,0,6,24,
380,1118,0,2,36,
380,1121,0,2,27,
380,1125,0,1,21,
380,1133,0,3,21,
380,1134,0,4,16,
380,1137,0,4,21,
380,1138,0,3,25,
380,1139,0,4,11,
380,1140,0,4,18,
380,1143,0,1,21,
380,1145,0,4,25,
380,1147,0,3,13,
380,1148,0,8,19,
380,1149,0,4,18,
380,1150,0,8,22,
380,1155,0,4,13,
380,1157,0,6,14,
380,1158,0,2,9,
380,1160,0,1,22,
380,1161,0,3,5,
380,1164,0,5,17,
380,1165,0,6,14,
380,1168,0,3,11,
380,1170,0,0,9,
380,1172,0,1,10,
380,1173,0,0,8,
380,1174,0,1,4,
380,1175,0,3,9,
380,1176,0,3,14,
380,1177,0,2,12,
380,1178,0,1,10,
380,1179,0,1,9,
380,1181,0,2,7,
380,1182,0,0,6,
380,1183,0,2,9,
380,1185,0,1,6,
380,1188,0,0,3,
380,1190,0,2,5,
380,1191,0,2,3,
380,1192,0,0,5,
380,1193,0,2,8,
380,1194,0,2,2,
380,1195,0,0,6,
380,1197,0,0,1,
380,1198,0,0,5,
380,1199,0,1,3,
380,1201,0,0,3,
380,1203,0,1,2,
380,1204,0,0,1,
380,1205,0,0,1,
380,1206,0,0,0,
380,1207,0,0,0,
380,1208,0,0,0,
400,749,0,31,167,
400,818,0,18,143,
400,952,0,12,79,
400,953,0,13,80,
400,1052,0,9,72,
400,1057,0,9,67,
400,1058,0,10,74,
400,1062,0,9,58,
400,1077,0,10,48,
400,1091,0,11,64,
400,1118,0,6,50,
400,1125,0,2,37,
400,1133,0,8,38,
400,1134,0,7,34,
400,1138,0,7,42,
400,1139,0,10,29,
400,1143,0,5,31,
400,1145,0,7,42,
400,1149,0,6,29,
400,1155,0,5,34,
400,1164,0,9,29,
400,1165,0,7,37,
400,1172,0,2,22,
400,1175,0,5,27,
400,1178,0,6,30,
400,1181,0,6,25,
400,1183,0,8,27,
400,1185,0,5,20,
400,1188,0,4,28,
400,1190,0,3,20,
400,1195,0,1,16,
400,1198,0,5,22,
400,1201,0,1,13,
400,1207,0,2,18,
400,1208,0,3,9,
400,1210,0,9,23,
400,1211,0,3,15,
400,1213,0,3,13,
400,1214,0,0,15,
400,1215,0,0,12,
400,1223,0,3,18,
400,1224,0,1,16,
400,1225,0,5,6,
400,1226,0,0,8,
400,1227,0,2,10,
400,1228,0,1,16,
400,1229,0,1,12,
400,1231,0,0,9,
400,1232,0,2,11,
400,1233,0,1,15,
400,1234,0,2,11,
400,1235,0,1,7,
400,1236,0,2,13,
400,1238,0,0,6,
400,1240,0,1,7,
400,1243,0,1,6,
400,1244,0,0,5,
400,1245,0,0,8,
400,1246,0,1,9,
400,1248,0,1,5,
400,1250,0,0,5,
400,1251,0,2,10,
400,1252,0,2,4,
400,1253,0,1,3,
400,1254,0,1,6,
400,1256,0,1,4,
400,1257,0,1,5,
400,1259,0,0,1,
400,1260,0,0,4,
400,1261,0,1,3,
400,1262,0,0,1,
400,1263,0,1,0,
400,1264,0,0,1,
400,1265,0,0,0,
400,1266,0,0,0,
400,1267,0,0,0,
420,749,0,34,188,
420,818,0,19,155,
420,1052,0,13,85,
420,1057,0,12,85,
420,1091,0,13,78,
420,1138,0,11,54,
420,1143,0,8,55,
420,1145,0,8,64,
420,1149,0,9,44,
420,1155,0,7,51,
420,1165,0,7,59,
420,1175,0,8,46,
420,1181,0,8,48,
420,1183,0,10,45,
420,1188,0,6,46,
420,1207,0,2,36,
420,1208,0,4,20,
420,1211,0,6,43,
420,1214,0,2,27,
420,1215,0,0,35,
420,1223,0,4,32,
420,1224,0,1,32,
420,1226,0,6,34,
420,1227,0,5,24,
420,1229,0,1,30,
420,1232,0,5,32,
420,1234,0,5,26,
420,1235,0,3,28,
420,1236,0,4,26,
420,1244,0,2,29,
420,1246,0,2,23,
420,1259,0,0,12,
420,1263,0,2,16,
420,1264,0,0,19,
420,1266,0,1,17,
420,1271,0,0,13,
420,1272,0,2,14,
420,1274,0,2,13,
420,1276,0,3,21,
420,1278,0,1,21,
420,1279,0,3,22,
420,1280,0,3,15,
420,1281,0,2,21,
420,1282,0,3,22,
420,1283,0,5,17,
420,1287,0,2,6,
420,1288,0,1,12,
420,1290,0,0,9,
420,1291,0,0,12,
420,1292,0,1,15,
420,1293,0,0,15,
420,1294,0,1,10,
420,1295,0,0,13,
420,1301,0,2,11,
420,1302,0,1,11,
420,1303,0,2,7,
420,1305,0,1,6,
420,1306,0,0,6,
420,1307,0,1,3,
420,1308,0,1,8,
420,1309,0,0,4,
420,1311,0,0,9,
420,1312,0,1,3,
420,1313,0,0,7,
420,1314,0,0,4,
420,1315,0,0,4,
420,1316,0,0,5,
420,1317,0,1,4,
420,1318,0,0,5,
420,1319,0,0,3,
420,1320,0,0,1,
420,1323,0,0,2,
420,1324,0,0,2,
420,1325,0,0,0,
420,1326,0,0,0,
420,1327,0,0,0,
440,749,0,35,204,
440,818,0,19,176,
440,1052,0,14,97,
440,1138,0,12,62,
440,1143,0,9,82,
440,1145,0,9,82,
440,1149,0,11,71,
440,1165,0,9,78,
440,1175,0,8,69,
440,1207,0,2,51,
440,1208,0,6,35,
440,1214,0,2,39,
440,1226,0,6,54,
440,1229,0,3,43,
440,1236,0,5,44,
440,1246,0,2,41,
440,1264,0,3,42,
440,1266,0,1,38,
440,1271,0,1,30,
440,1274,0,5,36,
440,1278,0,4,40,
440,1279,0,7,49,
440,1281,0,5,40,
440,1290,0,1,24,
440,1292,0,2,34,
440,1293,0,2,42,
440,1294,0,4,29,
440,1295,0,3,27,
440,1302,0,2,19,
440,1303,0,6,29,
440,1307,0,3,23,
440,1313,0,0,22,
440,1316,0,2,22,
440,1317,0,2,21,
440,1318,0,3,26,
440,1320,0,0,20,
440,1326,0,1,21,
440,1327,0,1,23,
440,1328,0,0,17,
440,1333,0,1,16,
440,1336,0,5,17,
440,1337,0,0,11,
440,1338,0,2,13,
440,1339,0,1,15,
440,1343,0,2,18,
440,1344,0,1,26,
440,1345,0,1,18,
440,1346,0,1,15,
440,1347,0,4,13,
440,1348,0,2,18,
440,1355,0,1,6,
440,1356,0,0,11,
440,1357,0,0,10,
440,1361,0,1,2,
440,1362,0,0,9,
440,1363,0,3,8,
440,1365,0,2,6,
440,1366,0,1,13,
440,1367,0,1,2,
440,1368,0,2,3,
440,1369,0,0,11,
440,1371,0,1,5,
440,1372,0,0,5,
440,1373,0,1,2,
440,1374,0,0,5,
440,1375,0,0,2,
440,1377,0,2,4,
440,1378,0,1,4,
440,1380,0,0,9,
440,1381,0,0,1,
440,1382,0,0,1,
440,1383,0,0,3,
440,1384,0,1,1,
440,1385,0,0,0,
440,1386,0,0,0,
440,1387,0,0,0,
460,749,0,40,214,
460,1138,0,13,83,
460,1149,0,13,95,
460,1165,0,15,97,
460,1175,0,13,85,
460,1207,0,3,72,
460,1214,0,3,54,
460,1226,0,7,77,
460,1236,0,6,59,
460,1274,0,9,55,
460,1290,0,3,39,
460,1292,0,4,49,
460,1293,0,4,61,
460,1294,0,7,45,
460,1303,0,7,49,
460,1316,0,2,34,
460,1328,0,3,34,
460,1333,0,5,40,
460,1336,0,7,43,
460,1337,0,2,30,
460,1338,0,5,26,
460,1344,0,3,42,
460,1345,0,1,40,
460,1346,0,4,32,
460,1347,0,7,33,
460,1355,0,3,23,
460,1363,0,6,20,
460,1365,0,5,20,
460,1373,0,1,22,
460,1375,0,1,19,
460,1377,0,4,26,
460,1378,0,3,19,
460,1384,0,1,14,
460,1388,0,3,16,
460,1389,0,3,18,
460,1392,0,3,14,
460,1395,0,2,16,
460,1396,0,0,17,
460,1397,0,2,26,
460,1398,0,2,14,
460,1399,0,0,19,
460,1400,0,2,12,
460,1406,0,0,21,
460,1407,0,1,9,
460,1409,0,2,11,
460,1410,0,0,8,
460,1411,0,1,15,
460,1412,0,1,7,
460,1413,0,1,8,
460,1414,0,1,9,
460,1416,0,2,14,
460,1417,0,5,13,
460,1418,0,1,9,
460,1419,0,1,11,
460,1420,0,1,8,
460,1421,0,0,7,
460,1423,0,0,9,
460,1428,0,1,7,
460,1429,0,1,6,
460,1430,0,1,5,
460,1431,0,2,5,
460,1432,0,1,4,
460,1433,0,1,6,
460,1434,0,0,6,
460,1436,0,2,2,
460,1437,0,1,3,
460,1438,0,0,2,
460,1439,0,0,1,
460,1440,0,0,3,
460,1441,0,1,2,
460,1442,0,0,3,
460,1443,0,0,1,
460,1444,0,0,3,
460,1445,0,0,0,
460,1446,0,0,0,
460,1447,0,0,0,
480,749,0,40,238,
480,1149,0,14,114,
480,1175,0,17,100,
480,1214,0,4,67,
480,1226,0,10,96,
480,1236,0,10,71,
480,1274,0,12,68,
480,1303,0,8,63,
480,1316,0,3,53,
480,1328,0,7,49,
480,1347,0,12,50,
480,1363,0,8,32,
480,1375,0,5,34,
480,1377,0,7,43,
480,1389,0,3,41,
480,1392,0,5,28,
480,1395,0,7,32,
480,1396,0,2,30,
480,1397,0,6,45,
480,1406,0,2,36,
480,1407,0,2,23,
480,1412,0,4,22,
480,1413,0,6,32,
480,1414,0,7,29,
480,1417,0,8,30,
480,1419,0,6,34,
480,1423,0,5,33,
480,1428,0,2,25,
480,1431,0,6,16,
480,1432,0,6,14,
480,1436,0,4,20,
480,1439,0,2,30,
480,1441,0,3,16,
480,1442,0,0,23,
480,1444,0,0,19,
480,1446,0,1,16,
480,1447,0,4,14,
480,1451,0,3,24,
480,1454,0,4,17,
480,1455,0,5,13,
480,1456,0,3,14,
480,1457,0,2,15,
480,1458,0,1,18,
480,1459,0,5,7,
480,1462,0,1,13,
480,1464,0,2,14,
480,1466,0,1,9,
480,1468,0,0,14,
480,1469,0,2,17,
480,1471,0,1,6,
480,1472,0,2,9,
480,1473,0,3,6,
480,1474,0,2,4,
480,1476,0,2,8,
480,1477,0,0,4,
480,1480,0,2,10,
480,1481,0,1,6,
480,1483,0,2,8,
480,1485,0,0,2,
480,1486,0,1,5,
480,1489,0,3,5,
480,1490,0,1,12,
480,1491,0,1,4,
480,1492,0,1,9,
480,1493,0,0,5,
480,1494,0,1,4,
480,1495,0,0,2,
480,1496,0,0,1,
480,1498,0,0,2,
480,1499,0,1,2,
480,1500,0,0,1,
480,1501,0,0,3,
480,1502,0,0,1,
480,1503,0,0,0,
480,1504,0,0,0,
480,1505,0,0,0,
500,1175,0,19,121,
500,1316,0,4,65,
500,1328,0,10,65,
500,1347,0,16,69,
500,1363,0,9,45,
500,1377,0,10,54,
500,1396,0,5,40,
500,1406,0,3,56,
500,1412,0,7,37,
500,1414,0,14,42,
500,1417,0,10,52,
500,1423,0,11,46,
500,1428,0,6,41,
500,1431,0,9,27,
500,1439,0,7,54,
500,1441,0,6,34,
500,1454,0,8,38,
500,1455,0,9,35,
500,1457,0,5,34,
500,1458,0,6,33,
500,1459,0,12,17,
500,1462,0,7,29,
500,1464,0,2,29,
500,1468,0,8,34,
500,1471,0,4,19,
500,1476,0,4,26,
500,1483,0,7,27,
500,1485,0,1,15,
500,1492,0,2,24,
500,1499,0,4,16,
500,1501,0,4,23,
500,1504,0,4,21,
500,1505,0,5,20,
500,1507,0,1,17,
500,1508,0,5,20,
500,1509,0,0,19,
500,1514,0,2,13,
500,1516,0,1,8,
500,1518,0,2,12,
500,1521,0,0,8,
500,1524,0,2,7,
500,1525,0,0,11,
500,1526,0,1,12,
500,1527,0,1,10,
500,1528,0,5,13,
500,1529,0,3,14,
500,1530,0,0,10,
500,1531,0,2,10,
500,1532,0,2,12,
500,1533,0,2,10,
500,1534,0,0,13,
500,1535,0,0,3,
500,1536,0,0,6,
500,1540,0,0,12,
500,1542,0,2,7,
500,1544,0,0,4,
500,1545,0,1,5,
500,1546,0,2,10,
500,1547,0,1,4,
500,1548,0,0,4,
500,1549,0,0,8,
500,1550,0,2,6,
500,1551,0,1,3,
500,1552,0,0,2,
500,1553,0,0,1,
500,1554,0,0,3,
500,1555,0,1,5,
500,1556,0,0,3,
500,1557,0,0,5,
500,1558,0,1,1,
500,1559,0,0,2,
500,1560,0,0,2,
500,1561,0,0,1,
500,1562,0,0,0,
500,1563,0,0,0,
500,1564,0,0,0,
520,1328,0,12,77,
520,1396,0,5,57,
520,1412,0,9,55,
520,1414,0,19,58,
520,1417,0,16,74,
520,1431,0,9,45,
520,1457,0,7,45,
520,1462,0,10,40,
520,1468,0,11,49,
520,1476,0,6,37,
520,1492,0,4,39,
520,1499,0,7,25,
520,1501,0,6,40,
520,1504,0,12,51,
520,1507,0,3,35,
520,1514,0,3,33,
520,1516,0,4,27,
520,1518,0,2,29,
520,1521,0,1,32,
520,1528,0,9,30,
520,1532,0,4,30,
520,1533,0,3,36,
520,1534,0,1,36,
520,1535,0,3,17,
520,1536,0,1,28,
520,1547,0,6,21,
520,1548,0,1,22,
520,1550,0,4,24,
520,1551,0,4,27,
520,1553,0,2,18,
520,1554,0,1,27,
520,1555,0,4,25,
520,1556,0,1,33,
520,1563,0,2,20,
520,1564,0,3,14,
520,1567,0,2,13,
520,1568,0,3,17,
520,1569,0,2,11,
520,1571,0,1,18,
520,1572,0,1,18,
520,1573,0,3,18,
520,1574,0,1,14,
520,1577,0,0,16,
520,1578,0,2,11,
520,1580,0,0,11,
520,1581,0,0,13,
520,1583,0,1,11,
520,1584,0,1,14,
520,1586,0,1,10,
520,1592,0,1,12,
520,1593,0,2,6,
520,1595,0,0,6,
520,1596,0,1,9,
520,1597,0,1,5,
520,1599,0,2,8,
520,1602,0,1,6,
520,1603,0,0,6,
520,1604,0,1,5,
520,1605,0,1,7,
520,1606,0,3,6,
520,1607,0,1,7,
520,1608,0,0,11,
520,1610,0,0,1,
520,1612,0,0,6,
520,1613,0,1,3,
520,1614,0,0,5,
520,1615,0,2,5,
520,1616,0,1,4,
520,1617,0,0,2,
520,1618,0,0,2,
520,1619,0,1,0,
520,1620,0,0,1,
520,1621,0,1,0,
520,1622,0,0,0,
520,1623,0,0,0,
520,1624,0,0,0,
540,1396,0,6,73,
540,1414,0,21,76,
540,1417,0,21,88,
540,1457,0,8,58,
540,1501,0,7,58,
540,1507,0,7,62,
540,1516,0,5,48,
540,1518,0,4,47,
540,1521,0,4,44,
540,1528,0,12,45,
540,1532,0,7,44,
540,1533,0,6,57,
540,1534,0,4,53,
540,1535,0,6,33,
540,1547,0,7,39,
540,1548,0,3,44,
540,1550,0,6,43,
540,1553,0,5,32,
540,1555,0,5,49,
540,1567,0,7,26,
540,1574,0,2,33,
540,1577,0,0,34,
540,1578,0,3,24,
540,1580,0,3,37,
540,1593,0,4,22,
540,1596,0,3,18,
540,1599,0,5,25,
540,1602,0,2,24,
540,1603,0,1,17,
540,1604,0,5,24,
540,1605,0,5,32,
540,1606,0,7,30,
540,1607,0,4,27,
540,1620,0,1,14,
540,1623,0,2,19,
540,1624,0,3,10,
540,1627,0,1,18,
540,1628,0,2,11,
540,1633,0,0,15,
540,1638,0,0,17,
540,1639,0,3,18,
540,1640,0,3,16,
540,1641,0,0,14,
540,1642,0,1,11,
540,1643,0,3,15,
540,1645,0,0,7,
540,1646,0,1,16,
540,1647,0,3,11,
540,1648,0,0,9,
540,1649,0,1,12,
540,1650,0,0,11,
540,1653,0,2,11,
540,1654,0,1,19,
540,1657,0,1,8,
540,1658,0,0,6,
540,1660,0,1,12,
540,1661,0,1,11,
540,1662,0,3,3,
540,1663,0,0,5,
540,1665,0,2,3,
540,1666,0,0,11,
540,1667,0,3,8,
540,1668,0,0,7,
540,1671,0,0,7,
540,1672,0,0,4,
540,1673,0,0,2,
540,1674,0,0,3,
540,1675,0,0,2,
540,1676,0,0,2,
540,1677,0,1,3,
540,1678,0,1,2,
540,1679,0,0,1,
540,1680,0,0,1,
540,1681,0,0,1,
540,1682,0,0,0,
540,1683,0,0,0,
560,1417,0,24,111,
560,1457,0,9,72,
560,1501,0,8,74,
560,1518,0,4,60,
560,1521,0,4,61,
560,1532,0,12,66,
560,1535,0,8,50,
560,1548,0,3,57,
560,1553,0,7,42,
560,1574,0,2,45,
560,1577,0,1,56,
560,1578,0,8,42,
560,1593,0,6,47,
560,1604,0,7,40,
560,1606,0,8,47,
560,1624,0,5,24,
560,1639,0,9,40,
560,1641,0,5,35,
560,1645,0,2,31,
560,1648,0,5,22,
560,1649,0,2,32,
560,1650,0,0,29,
560,1654,0,4,31,
560,1662,0,4,21,
560,1663,0,1,20,
560,1665,0,2,19,
560,1666,0,2,28,
560,1668,0,2,26,
560,1671,0,3,21,
560,1672,0,2,20,
560,1673,0,2,15,
560,1675,0,5,20,
560,1678,0,3,22,
560,1679,0,2,15,
560,1682,0,1,19,
560,1686,0,0,18,
560,1688,0,3,22,
560,1690,0,4,14,
560,1692,0,1,12,
560,1694,0,3,11,
560,1695,0,0,22,
560,1697,0,3,16,
560,1700,0,1,15,
560,1701,0,1,20,
560,1705,0,1,16,
560,1706,0,0,11,
560,1707,0,2,10,
560,1708,0,2,16,
560,1709,0,1,9,
560,1711,0,0,6,
560,1713,0,2,12,
560,1714,0,2,10,
560,1715,0,1,8,
560,1716,0,1,10,
560,1719,0,1,9,
560,1720,0,1,7,
560,1722,0,1,9,
560,1723,0,0,10,
560,1724,0,2,6,
560,1725,0,1,13,
560,1726,0,2,7,
560,1727,0,0,6,
560,1728,0,0,7,
560,1729,0,1,4,
560,1730,0,0,4,
560,1732,0,0,4,
560,1734,0,1,2,
560,1735,0,0,2,
560,1736,0,0,1,
560,1737,0,0,4,
560,1738,0,1,4,
560,1739,0,0,1,
560,1740,0,0,2,
560,1741,0,0,2,
560,1743,0,0,0,
560,1744,0,0,0,
580,1417,0,29,136,
580,1501,0,8,87,
580,1578,0,10,58,
580,1624,0,6,33,
580,1641,0,6,50,
580,1645,0,2,44,
580,1649,0,6,51,
580,1650,0,1,46,
580,1654,0,7,43,
580,1662,0,8,41,
580,1675,0,7,30,
580,1678,0,6,54,
580,1679,0,4,36,
580,1682,0,3,31,
580,1686,0,2,38,
580,1688,0,6,41,
580,1697,0,5,42,
580,1700,0,3,29,
580,1706,0,2,27,
580,1709,0,4,31,
580,1715,0,4,24,
580,1716,0,3,28,
580,1720,0,4,24,
580,1722,0,4,30,
580,1725,0,2,37,
580,1726,0,3,23,
580,1728,0,0,27,
580,1729,0,4,13,
580,1732,0,2,25,
580,1734,0,5,15,
580,1735,0,2,20,
580,1736,0,1,17,
580,1737,0,3,21,
580,1739,0,1,25,
580,1745,0,0,24,
580,1746,0,0,12,
580,1747,0,3,16,
580,1749,0,3,12,
580,1754,0,4,14,
580,1755,0,1,18,
580,1760,0,1,12,
580,1761,0,1,11,
580,1763,0,2,15,
580,1766,0,2,7,
580,1767,0,1,17,
580,1768,0,0,11,
580,1769,0,2,11,
580,1770,0,2,8,
580,1771,0,2,11,
580,1772,0,0,8,
580,1774,0,1,10,
580,1775,0,2,13,
580,1776,0,1,3,
580,1777,0,0,13,
580,1778,0,2,7,
580,1779,0,2,7,
580,1780,0,0,9,
580,1781,0,1,7,
580,1782,0,0,3,
580,1784,0,0,8,
580,1785,0,0,7,
580,1786,0,1,6,
580,1787,0,1,5,
580,1788,0,0,2,
580,1789,0,1,3,
580,1790,0,0,4,
580,1792,0,0,5,
580,1793,0,0,2,
580,1794,0,1,7,
580,1795,0,0,2,
580,1796,0,0,2,
580,1797,0,0,2,
580,1798,0,0,3,
580,1799,0,1,1,
580,1800,0,0,0,
580,1801,0,0,0,
600,1578,0,13,77,
600,1624,0,8,52,
600,1645,0,4,64,
600,1675,0,10,51,
600,1678,0,8,71,
600,1697,0,6,56,
600,1706,0,3,38,
600,1709,0,7,52,
600,1715,0,5,37,
600,1726,0,6,35,
600,1734,0,5,27,
600,1736,0,3,29,
600,1745,0,2,43,
600,1746,0,3,26,
600,1747,0,3,36,
600,1755,0,2,35,
600,1760,0,4,29,
600,1761,0,1,26,
600,1763,0,5,32,
600,1766,0,5,19,
600,1767,0,3,40,
600,1770,0,6,38,
600,1771,0,4,32,
600,1776,0,3,23,
600,1778,0,4,25,
600,1779,0,3,13,
600,1784,0,1,22,
600,1785,0,5,32,
600,1787,0,5,25,
600,1792,0,1,22,
600,1793,0,3,22,
600,1794,0,3,32,
600,1797,0,1,18,
600,1798,0,1,21,
600,1799,0,4,31,
600,1803,0,2,16,
600,1806,0,0,14,
600,1807,0,2,17,
600,1809,0,2,15,
600,1813,0,0,9,
600,1814,0,1,12,
600,1817,0,2,13,
600,1818,0,1,12,
600,1819,0,0,10,
600,1820,0,1,14,
600,1822,0,1,12,
600,1823,0,0,11,
600,1824,0,2,12,
600,1825,0,0,13,
600,1827,0,1,6,
600,1829,0,0,15,
600,1831,0,0,12,
600,1832,0,0,11,
600,1833,0,2,8,
600,1834,0,0,9,
600,1835,0,2,6,
600,1836,0,0,8,
600,1837,0,1,7,
600,1838,0,0,9,
600,1839,0,0,6,
600,1840,0,1,4,
600,1841,0,2,8,
600,1842,0,3,7,
600,1843,0,0,5,
600,1845,0,0,7,
600,1846,0,1,4,
600,1848,0,2,2,
600,1850,0,0,3,
600,1851,0,1,6,
600,1854,0,0,3,
600,1855,0,0,3,
600,1856,0,1,2,
600,1857,0,0,2,
600,1858,0,0,0,
600,1859,0,0,0,
600,1860,0,0,0,
620,1645,0,6,77,
620,1678,0,11,89,
620,1697,0,8,67,
620,1706,0,4,56,
620,1709,0,9,68,
620,1734,0,6,41,
620,1736,0,4,47,
620,1760,0,6,52,
620,1761,0,4,48,
620,1763,0,6,58,
620,1767,0,4,58,
620,1771,0,9,41,
620,1779,0,5,23,
620,1787,0,9,38,
620,1792,0,3,37,
620,1793,0,5,40,
620,1798,0,3,34,
620,1813,0,2,24,
620,1814,0,4,29,
620,1817,0,4,31,
620,1822,0,3,29,
620,1825,0,2,35,
620,1827,0,1,18,
620,1829,0,1,31,
620,1832,0,2,31,
620,1835,0,2,22,
620,1837,0,4,32,
620,1840,0,2,33,
620,1841,0,3,28,
620,1843,0,1,29,
620,1845,0,1,19,
620,1846,0,1,27,
620,1858,0,3,27,
620,1859,0,2,23,
620,1860,0,3,17,
620,1861,0,3,22,
620,1865,0,1,14,
620,1866,0,2,13,
620,1869,0,1,17,
620,1871,0,1,13,
620,1872,0,0,18,
620,1873,0,2,17,
620,1878,0,2,10,
620,1880,0,2,11,
620,1881,0,1,7,
620,1882,0,0,14,
620,1884,0,1,8,
620,1885,0,1,8,
620,1886,0,1,13,
620,1888,0,2,14,
620,1889,0,1,10,
620,1890,0,0,11,
620,1893,0,0,10,
620,1894,0,1,7,
620,1896,0,0,6,
620,1898,0,1,11,
620,1900,0,1,4,
620,1901,0,0,7,
620,1903,0,0,8,
620,1904,0,1,5,
620,1905,0,0,10,
620,1906,0,1,6,
620,1907,0,0,7,
620,1908,0,0,3,
620,1909,0,0,2,
620,1910,0,1,3,
620,1911,0,1,1,
620,1912,0,0,2,
620,1913,0,0,3,
620,1914,0,2,3,
620,1915,0,0,2,
620,1916,0,0,3,
620,1917,0,0,1,
620,1918,0,0,0,
620,1919,0,0,0,
620,1920,0,0,0,
640,1645,0,7,93,
640,1678,0,12,107,
640,1706,0,5,66,
640,1736,0,6,83,
640,1761,0,6,68,
640,1767,0,5,70,
640,1771,0,10,53,
640,1779,0,6,41,
640,1787,0,12,54,
640,1813,0,5,42,
640,1814,0,6,53,
640,1840,0,2,50,
640,1843,0,5,52,
640,1869,0,4,32,
640,1873,0,7,31,
640,1878,0,3,32,
640,1880,0,4,26,
640,1881,0,2,23,
640,1882,0,0,34,
640,1884,0,4,23,
640,1885,0,1,26,
640,1886,0,3,33,
640,1889,0,2,29,
640,1894,0,6,33,
640,1896,0,0,26,
640,1900,0,4,33,
640,1903,0,1,25,
640,1904,0,4,22,
640,1905,0,0,28,
640,1914,0,5,33,
640,1915,0,0,10,
640,1917,0,1,11,
640,1918,0,2,14,
640,1920,0,3,19,
640,1922,0,1,16,
640,1923,0,1,25,
640,1925,0,2,18,
640,1927,0,3,12,
640,1928,0,0,14,
640,1931,0,0,16,
640,1933,0,3,10,
640,1935,0,0,16,
640,1936,0,0,17,
640,1938,0,1,13,
640,1939,0,0,14,
640,1943,0,2,8,
640,1944,0,4,19,
640,1945,0,0,8,
640,1946,0,1,12,
640,1948,0,0,16,
640,1949,0,1,10,
640,1950,0,3,10,
640,1951,0,0,5,
640,1955,0,1,6,
640,1956,0,1,6,
640,1959,0,1,6,
640,1960,0,1,5,
640,1961,0,0,4,
640,1962,0,1,8,
640,1963,0,0,4,
640,1964,0,0,8,
640,1965,0,1,3,
640,1966,0,1,4,
640,1967,0,0,8,
640,1968,0,0,5,
640,1970,0,0,4,
640,1971,0,0,5,
640,1972,0,0,3,
640,1973,0,0,1,
640,1974,0,0,2,
640,1975,0,1,0,
640,1976,0,0,2,
640,1977,0,1,3,
640,1978,0,0,0,
640,1979,0,0,0,
640,1980,0,0,0,
660,1706,0,7,85,
660,1736,0,9,96,
660,1761,0,12,82,
660,1771,0,11,68,
660,1779,0,8,53,
660,1787,0,13,70,
660,1813,0,7,65,
660,1843,0,7,80,
660,1869,0,6,38,
660,1873,0,7,44,
660,1878,0,6,47,
660,1880,0,6,39,
660,1882,0,2,54,
660,1884,0,4,35,
660,1886,0,8,57,
660,1894,0,10,52,
660,1900,0,7,53,
660,1914,0,6,57,
660,1925,0,4,30,
660,1928,0,3,25,
660,1931,0,1,26,
660,1935,0,1,40,
660,1938,0,2,26,
660,1945,0,1,19,
660,1949,0,2,25,
660,1955,0,3,24,
660,1959,0,4,30,
660,1963,0,8,30,
660,1971,0,4,29,
660,1973,0,2,16,
660,1974,0,2,15,
660,1975,0,3,24,
660,1976,0,1,17,
660,1978,0,1,17,
660,1979,0,2,29,
660,1981,0,1,21,
660,1987,0,1,12,
660,1989,0,1,20,
660,1990,0,2,20,
660,1992,0,0,16,
660,1993,0,3,11,
660,1995,0,4,19,
660,1996,0,4,15,
660,1997,0,0,18,
660,1998,0,2,15,
660,2003,0,3,12,
660,2004,0,1,12,
660,2005,0,1,12,
660,2006,0,0,7,
660,2008,0,1,16,
660,2011,0,1,9,
660,2012,0,0,7,
660,2013,0,1,11,
660,2014,0,1,5,
660,2016,0,1,11,
660,2018,0,2,6,
660,2019,0,0,5,
660,2020,0,1,6,
660,2022,0,0,6,
660,2023,0,0,5,
660,2024,0,0,6,
660,2025,0,0,5,
660,2026,0,0,4,
660,2027,0,0,7,
660,2028,0,1,5,
660,2029,0,0,5,
660,2030,0,0,2,
660,2032,0,1,2,
660,2033,0,0,2,
660,2034,0,0,2,
660,2035,0,0,2,
660,2036,0,0,1,
660,2037,0,0,1,
660,2038,0,0,0,
660,2039,0,0,0,
660,2040,0,0,0,
680,1706,0,12,94,
680,1761,0,15,100,
680,1779,0,9,74,
680,1787,0,14,88,
680,1813,0,8,78,
680,1869,0,8,52,
680,1880,0,8,60,
680,1882,0,5,68,
680,1886,0,9,89,
680,1894,0,15,68,
680,1900,0,7,65,
680,1925,0,6,49,
680,1931,0,2,48,
680,1938,0,5,48,
680,1945,0,5,33,
680,1949,0,5,43,
680,1963,0,9,42,
680,1971,0,6,49,
680,1973,0,4,34,
680,1974,0,4,30,
680,1975,0,5,33,
680,1979,0,5,54,
680,1981,0,1,36,
680,1987,0,5,30,
680,1992,0,4,29,
680,1993,0,4,22,
680,2003,0,6,32,
680,2011,0,2,21,
680,2012,0,0,17,
680,2014,0,3,20,
680,2020,0,3,20,
680,2024,0,5,16,
680,2026,0,0,18,
680,2027,0,4,21,
680,2028,0,1,31,
680,2030,0,1,20,
680,2033,0,3,39,
680,2041,0,1,14,
680,2045,0,2,17,
680,2048,0,2,16,
680,2050,0,1,9,
680,2052,0,1,19,
680,2055,0,2,16,
680,2056,0,1,7,
680,2058,0,1,10,
680,2060,0,0,16,
680,2061,0,2,15,
680,2064,0,1,17,
680,2066,0,2,13,
680,2070,0,2,5,
680,2071,0,1,6,
680,2074,0,2,6,
680,2075,0,0,7,
680,2076,0,2,7,
680,2077,0,0,5,
680,2079,0,1,3,
680,2080,0,3,5,
680,2081,0,1,8,
680,2082,0,2,4,
680,2083,0,0,7,
680,2084,0,3,8,
680,2085,0,0,1,
680,2086,0,0,6,
680,2087,0,0,5,
680,2088,0,0,5,
680,2089,0,1,2,
680,2090,0,0,6,
680,2091,0,1,1,
680,2092,0,1,1,
680,2093,0,1,4,
680,2094,0,1,0,
680,2095,0,0,1,
680,2096,0,0,2,
680,2097,0,0,0,
680,2098,0,0,0,
680,2099,0,0,0,
700,1761,0,19,125,
700,1787,0,15,112,
700,1880,0,10,76,
700,1886,0,13,119,
700,1894,0,17,90,
700,1938,0,9,62,
700,1949,0,6,51,
700,1971,0,9,59,
700,1975,0,7,49,
700,1979,0,9,79,
700,1993,0,5,30,
700,2003,0,9,50,
700,2011,0,5,41,
700,2020,0,5,39,
700,2024,0,9,26,
700,2030,0,2,32,
700,2041,0,3,37,
700,2048,0,5,29,
700,2050,0,2,22,
700,2055,0,3,29,
700,2061,0,5,27,
700,2064,0,2,40,
700,2066,0,3,31,
700,2070,0,3,27,
700,2071,0,3,26,
700,2074,0,3,33,
700,2081,0,2,21,
700,2086,0,5,22,
700,2087,0,1,16,
700,2089,0,1,17,
700,2090,0,4,31,
700,2091,0,2,26,
700,2092,0,2,19,
700,2095,0,1,19,
700,2096,0,1,8,
700,2097,0,4,13,
700,2099,0,0,11,
700,2102,0,2,17,
700,2103,0,1,17,
700,2107,0,1,16,
700,2109,0,2,9,
700,2110,0,3,23,
700,2114,0,4,17,
700,2116,0,1,8,
700,2118,0,0,8,
700,2120,0,0,19,
700,2121,0,3,15,
700,2123,0,0,14,
700,2126,0,1,14,
700,2127,0,0,9,
700,2128,0,1,10,
700,2129,0,0,4,
700,2130,0,2,2,
700,2132,0,0,10,
700,2134,0,1,6,
700,2136,0,2,11,
700,2137,0,1,3,
700,2138,0,1,6,
700,2140,0,0,3,
700,2141,0,1,3,
700,2142,0,0,6,
700,2143,0,0,6,
700,2144,0,1,5,
700,2145,0,0,7,
700,2147,0,0,5,
700,2148,0,1,4,
700,2149,0,0,3,
700,2151,0,1,2,
700,2152,0,1,1,
700,2153,0,0,5,
700,2154,0,0,1,
700,2155,0,0,1,
700,2156,0,0,2,
700,2157,0,0,0,
700,2158,0,0,0,
700,2159,0,0,0,
720,1761,0,20,142,
720,1787,0,16,129,
720,1880,0,15,97,
720,1894,0,19,114,
720,1949,0,6,63,
720,1975,0,9,62,
720,1993,0,8,45,
720,2020,0,6,55,
720,2024,0,11,37,
720,2030,0,4,45,
720,2048,0,9,45,
720,2050,0,3,39,
720,2055,0,5,51,
720,2064,0,4,62,
720,2066,0,5,66,
720,2070,0,6,38,
720,2071,0,4,49,
720,2074,0,4,47,
720,2081,0,4,36,
720,2086,0,6,39,
720,2087,0,2,29,
720,2091,0,3,39,
720,2095,0,2,43,
720,2096,0,2,12,
720,2099,0,4,28,
720,2110,0,7,45,
720,2121,0,4,32,
720,2123,0,2,33,
720,2126,0,1,36,
720,2130,0,3,18,
720,2140,0,2,17,
720,2141,0,5,26,
720,2144,0,3,22,
720,2145,0,0,26,
720,2147,0,3,16,
720,2156,0,2,26,
720,2158,0,2,22,
720,2160,0,2,18,
720,2167,0,4,15,
720,2171,0,3,24,
720,2173,0,1,14,
720,2174,0,3,16,
720,2175,0,1,10,
720,2176,0,2,18,
720,2177,0,2,13,
720,2179,0,0,10,
720,2180,0,0,15,
720,2181,0,1,13,
720,2183,0,2,8,
720,2185,0,5,11,
720,2187,0,2,9,
720,2188,0,1,14,
720,2190,0,1,9,
720,2191,0,3,8,
720,2192,0,3,9,
720,2193,0,1,7,
720,2197,0,1,7,
720,2198,0,1,4,
720,2199,0,1,7,
720,2200,0,2,6,
720,2201,0,0,5,
720,2202,0,1,4,
720,2203,0,0,4,
720,2204,0,0,2,
720,2205,0,1,5,
720,2206,0,0,4,
720,2207,0,0,4,
720,2208,0,0,4,
720,2209,0,0,2,
720,2210,0,0,3,
720,2211,0,1,1,
720,2212,0,1,1,
720,2213,0,0,1,
720,2214,0,0,0,
720,2215,0,0,0,
720,2216,0,0,0,
740,1949,0,9,77,
740,1975,0,10,75,
740,1993,0,9,62,
740,2024,0,13,58,
740,2050,0,4,50,
740,2055,0,6,66,
740,2064,0,5,78,
740,2074,0,8,55,
740,2087,0,8,40,
740,2096,0,4,26,
740,2099,0,6,45,
740,2110,0,10,66,
740,2141,0,8,45,
740,2144,0,8,41,
740,2156,0,3,42,
740,2158,0,2,43,
740,2160,0,3,36,
740,2167,0,7,39,
740,2173,0,5,33,
740,2175,0,2,33,
740,2176,0,2,35,
740,2179,0,3,28,
740,2180,0,4,34,
740,2181,0,3,36,
740,2187,0,3,24,
740,2188,0,4,31,
740,2190,0,7,32,
740,2191,0,3,16,
740,2193,0,3,26,
740,2202,0,3,21,
740,2203,0,4,11,
740,2206,0,7,28,
740,2208,0,3,15,
740,2210,0,2,35,
740,2219,0,1,16,
740,2220,0,0,17,
740,2221,0,2,19,
740,2222,0,0,17,
740,2228,0,2,13,
740,2230,0,5,11,
740,2231,0,2,8,
740,2232,0,3,11,
740,2234,0,1,8,
740,2235,0,2,8,
740,2237,0,1,12,
740,2238,0,0,10,
740,2241,0,1,13,
740,2242,0,1,6,
740,2243,0,1,11,
740,2245,0,2,5,
740,2246,0,2,6,
740,2247,0,2,12,
740,2248,0,3,11,
740,2249,0,3,7,
740,2250,0,1,8,
740,2252,0,0,9,
740,2253,0,0,9,
740,2254,0,0,8,
740,2255,0,3,4,
740,2256,0,0,6,
740,2257,0,1,9,
740,2258,0,1,5,
740,2259,0,0,5,
740,2260,0,0,2,
740,2261,0,2,5,
740,2262,0,1,5,
740,2263,0,0,5,
740,2265,0,1,3,
740,2266,0,2,1,
740,2270,0,0,3,
740,2271,0,0,1,
740,2272,0,0,2,
740,2273,0,1,1,
740,2274,0,0,0,
740,2275,0,0,0,
740,2276,0,0,0,
760,1975,0,10,94,
760,2050,0,8,68,
760,2055,0,8,83,
760,2074,0,8,70,
760,2110,0,11,89,
760,2141,0,10,59,
760,2144,0,9,59,
760,2158,0,3,59,
760,2160,0,7,51,
760,2167,0,12,58,
760,2176,0,3,58,
760,2179,0,4,48,
760,2180,0,6,57,
760,2187,0,5,41,
760,2190,0,9,60,
760,2193,0,5,48,
760,2202,0,6,38,
760,2208,0,7,30,
760,2210,0,5,51,
760,2219,0,3,30,
760,2228,0,5,30,
760,2231,0,6,24,
760,2232,0,3,29,
760,2235,0,7,18,
760,2238,0,2,23,
760,2246,0,2,24,
760,2247,0,3,37,
760,2248,0,3,25,
760,2249,0,5,21,
760,2250,0,3,25,
760,2252,0,1,24,
760,2253,0,2,31,
760,2254,0,2,22,
760,2259,0,4,12,
760,2263,0,3,20,
760,2265,0,3,26,
760,2272,0,2,21,
760,2274,0,0,17,
760,2275,0,0,11,
760,2280,0,3,21,
760,2282,0,2,22,
760,2283,0,2,14,
760,2288,0,0,18,
760,2290,0,0,11,
760,2292,0,2,18,
760,2293,0,6,8,
760,2294,0,6,12,
760,2295,0,1,20,
760,2297,0,1,8,
760,2299,0,1,9,
760,2300,0,1,10,
760,2302,0,0,11,
760,2303,0,2,11,
760,2304,0,2,5,
760,2306,0,0,9,
760,2308,0,0,7,
760,2310,0,0,4,
760,2312,0,1,10,
760,2314,0,3,7,
760,2315,0,1,2,
760,2316,0,3,13,
760,2318,0,1,5,
760,2319,0,1,3,
760,2320,0,0,4,
760,2321,0,0,5,
760,2323,0,2,2,
760,2324,0,0,3,
760,2325,0,0,2,
760,2326,0,0,2,
760,2327,0,0,3,
760,2328,0,0,5,
760,2330,0,0,1,
760,2331,0,1,1,
760,2332,0,0,0,
760,2333,0,0,0,
760,2334,0,0,0,
780,2074,0,11,86,
780,2141,0,15,77,
780,2144,0,11,86,
780,2158,0,5,79,
780,2160,0,9,72,
780,2179,0,4,56,
780,2187,0,9,62,
780,2210,0,5,66,
780,2228,0,7,47,
780,2232,0,6,40,
780,2235,0,10,35,
780,2238,0,2,33,
780,2252,0,3,40,
780,2253,0,4,50,
780,2265,0,5,44,
780,2275,0,0,24,
780,2280,0,6,38,
780,2282,0,3,43,
780,2290,0,1,34,
780,2293,0,7,28,
780,2294,0,7,27,
780,2297,0,3,25,
780,2300,0,3,18,
780,2304,0,2,18,
780,2310,0,2,27,
780,2312,0,3,29,
780,2315,0,2,25,
780,2319,0,3,19,
780,2323,0,3,19,
780,2324,0,0,13,
780,2325,0,2,18,
780,2326,0,4,28,
780,2331,0,3,28,
780,2332,0,2,22,
780,2333,0,3,17,
780,2336,0,5,12,
780,2337,0,1,15,
780,2338,0,2,21,
780,2340,0,0,20,
780,2341,0,2,16,
780,2344,0,0,10,
780,2346,0,5,14,
780,2347,0,3,6,
780,2350,0,0,12,
780,2351,0,2,21,
780,2352,0,3,8,
780,2353,0,1,13,
780,2354,0,2,8,
780,2358,0,2,5,
780,2359,0,0,10,
780,2361,0,2,8,
780,2363,0,3,12,
780,2364,0,0,6,
780,2365,0,2,16,
780,2367,0,0,11,
780,2370,0,1,11,
780,2371,0,0,5,
780,2372,0,1,4,
780,2373,0,3,7,
780,2376,0,1,7,
780,2377,0,2,3,
780,2379,0,0,4,
780,2381,0,0,3,
780,2382,0,2,4,
780,2383,0,0,3,
780,2384,0,1,5,
780,2385,0,0,3,
780,2386,0,0,3,
780,2387,0,0,4,
780,2388,0,0,4,
780,2389,0,0,3,
780,2390,0,0,1,
780,2391,0,1,1,
780,2392,0,0,0,
780,2393,0,0,0,
780,2394,0,0,0,
800,2160,0,11,92,
800,2210,0,5,85,
800,2228,0,10,67,
800,2232,0,9,56,
800,2252,0,3,59,
800,2294,0,10,39,
800,2300,0,7,46,
800,2312,0,4,49,
800,2315,0,2,46,
800,2319,0,6,37,
800,2323,0,5,36,
800,2331,0,5,50,
800,2332,0,6,35,
800,2338,0,2,43,
800,2346,0,7,35,
800,2347,0,6,20,
800,2350,0,0,24,
800,2354,0,7,21,
800,2363,0,4,31,
800,2364,0,1,23,
800,2371,0,3,16,
800,2376,0,2,26,
800,2377,0,5,23,
800,2381,0,2,31,
800,2382,0,3,25,
800,2383,0,0,16,
800,2388,0,1,20,
800,2389,0,0,18,
800,2390,0,6,25,
800,2393,0,1,13,
800,2394,0,0,15,
800,2395,0,3,19,
800,2398,0,0,21,
800,2399,0,2,13,
800,2400,0,2,12,
800,2401,0,1,22,
800,2403,0,2,16,
800,2404,0,2,22,
800,2405,0,3,19,
800,2406,0,2,15,
800,2407,0,4,14,
800,2408,0,4,17,
800,2411,0,1,15,
800,2412,0,2,7,
800,2413,0,1,13,
800,2414,0,0,6,
800,2415,0,1,14,
800,2419,0,4,10,
800,2420,0,3,7,
800,2422,0,3,7,
800,2424,0,0,4,
800,2427,0,1,9,
800,2428,0,2,10,
800,2429,0,0,8,
800,2430,0,1,5,
800,2431,0,0,6,
800,2432,0,0,5,
800,2433,0,1,7,
800,2434,0,1,2,
800,2435,0,0,6,
800,2436,0,1,3,
800,2437,0,1,5,
800,2438,0,0,3,
800,2439,0,2,3,
800,2440,0,2,6,
800,2441,0,2,4,
800,2442,0,0,3,
800,2443,0,0,4,
800,2444,0,0,3,
800,2446,0,1,2,
800,2447,0,0,2,
800,2448,0,1,1,
800,2449,0,0,1,
800,2450,0,0,0,
800,2451,0,0,0,
800,2452,0,0,0,
820,2252,0,7,70,
820,2294,0,11,51,
820,2300,0,10,59,
820,2323,0,8,55,
820,2331,0,10,61,
820,2332,0,10,53,
820,2338,0,2,65,
820,2346,0,10,56,
820,2347,0,10,37,
820,2354,0,8,37,
820,2363,0,8,53,
820,2381,0,7,38,
820,2398,0,0,36,
820,2403,0,3,32,
820,2404,0,5,35,
820,2407,0,8,43,
820,2411,0,4,37,
820,2414,0,1,19,
820,2419,0,9,38,
820,2420,0,4,21,
820,2424,0,1,24,
820,2428,0,6,31,
820,2429,0,4,27,
820,2435,0,3,18,
820,2436,0,5,27,
820,2437,0,2,21,
820,2438,0,2,24,
820,2439,0,3,25,
820,2440,0,4,26,
820,2444,0,2,21,
820,2447,0,3,15,
820,2448,0,4,17,
820,2449,0,2,11,
820,2450,0,1,18,
820,2452,0,3,12,
820,2453,0,1,17,
820,2456,0,4,17,
820,2457,0,4,15,
820,2458,0,1,18,
820,2461,0,3,26,
820,2464,0,2,14,
820,2465,0,2,10,
820,2467,0,1,13,
820,2471,0,3,9,
820,2473,0,10,13,
820,2479,0,2,10,
820,2480,0,1,10,
820,2481,0,2,14,
820,2482,0,0,10,
820,2484,0,1,6,
820,2485,0,5,7,
820,2486,0,0,5,
820,2487,0,0,3,
820,2488,0,2,11,
820,2489,0,1,6,
820,2490,0,2,4,
820,2491,0,0,6,
820,2492,0,0,4,
820,2493,0,1,4,
820,2494,0,3,6,
820,2495,0,1,10,
820,2496,0,1,6,
820,2497,0,0,4,
820,2498,0,0,6,
820,2499,0,0,2,
820,2501,0,0,1,
820,2502,0,1,8,
820,2503,0,0,1,
820,2504,0,2,3,
820,2505,0,0,1,
820,2506,0,1,3,
820,2507,0,1,1,
820,2508,0,0,2,
820,2509,0,0,2,
820,2510,0,0,0,
820,2512,0,0,0,
840,2252,0,10,83,
840,2294,0,15,56,
840,2332,0,14,69,
840,2346,0,12,81,
840,2347,0,18,51,
840,2363,0,9,69,
840,2403,0,3,54,
840,2424,0,6,47,
840,2429,0,8,45,
840,2435,0,7,41,
840,2437,0,4,35,
840,2439,0,5,41,
840,2448,0,6,31,
840,2449,0,5,26,
840,2452,0,3,26,
840,2464,0,2,29,
840,2467,0,2,23,
840,2473,0,12,28,
840,2480,0,3,25,
840,2485,0,6,24,
840,2486,0,3,21,
840,2488,0,4,34,
840,2491,0,3,18,
840,2492,0,4,18,
840,2493,0,7,24,
840,2498,0,1,26,
840,2499,0,2,27,
840,2502,0,4,29,
840,2503,0,2,8,
840,2505,0,3,13,
840,2506,0,2,17,
840,2509,0,2,17,
840,2513,0,8,15,
840,2516,0,4,20,
840,2517,0,0,20,
840,2518,0,3,15,
840,2520,0,4,14,
840,2523,0,2,11,
840,2526,0,5,17,
840,2529,0,2,15,
840,2530,0,2,15,
840,2531,0,1,11,
840,2532,0,3,9,
840,2534,0,1,10,
840,2537,0,1,10,
840,2539,0,2,13,
840,2541,0,2,6,
840,2542,0,2,12,
840,2543,0,0,6,
840,2544,0,0,14,
840,2545,0,3,11,
840,2546,0,1,6,
840,2547,0,1,11,
840,2548,0,1,8,
840,2549,0,1,6,
840,2550,0,2,6,
840,2551,0,3,7,
840,2552,0,4,5,
840,2554,0,0,5,
840,2555,0,2,6,
840,2556,0,1,4,
840,2557,0,2,7,
840,2558,0,0,4,
840,2559,0,0,3,
840,2560,0,2,4,
840,2561,0,0,4,
840,2563,0,2,2,
840,2564,0,2,1,
840,2565,0,1,3,
840,2566,0,0,1,
840,2567,0,1,0,
840,2568,0,1,2,
840,2569,0,0,2,
840,2570,0,0,0,
840,2571,0,0,0,
840,2572,0,0,0,
860,2294,0,17,85,
860,2346,0,15,96,
860,2424,0,11,66,
860,2435,0,12,66,
860,2439,0,7,60,
860,2449,0,8,44,
860,2464,0,6,39,
860,2473,0,17,51,
860,2485,0,6,39,
860,2486,0,7,43,
860,2488,0,11,52,
860,2499,0,3,38,
860,2502,0,7,46,
860,2503,0,3,17,
860,2505,0,7,32,
860,2506,0,5,36,
860,2509,0,4,24,
860,2513,0,11,45,
860,2516,0,10,39,
860,2517,0,10,30,
860,2523,0,4,26,
860,2531,0,2,29,
860,2537,0,2,27,
860,2541,0,2,22,
860,2543,0,2,25,
860,2545,0,4,23,
860,2546,0,3,17,
860,2549,0,6,16,
860,2551,0,7,25,
860,2555,0,6,19,
860,2557,0,5,19,
860,2560,0,5,27,
860,2561,0,3,16,
860,2563,0,8,19,
860,2566,0,2,17,
860,2567,0,1,12,
860,2568,0,2,26,
860,2572,0,1,17,
860,2573,0,2,15,
860,2577,0,3,16,
860,2581,0,5,17,
860,2585,0,3,13,
860,2587,0,3,14,
860,2588,0,2,16,
860,2590,0,3,11,
860,2592,0,2,14,
860,2593,0,2,12,
860,2594,0,2,13,
860,2596,0,5,10,
860,2597,0,3,18,
860,2598,0,3,9,
860,2599,0,2,11,
860,2600,0,3,5,
860,2603,0,1,18,
860,2604,0,1,8,
860,2606,0,0,4,
860,2607,0,0,8,
860,2609,0,0,6,
860,2610,0,0,5,
860,2612,0,0,2,
860,2613,0,2,10,
860,2616,0,0,7,
860,2617,0,1,6,
860,2618,0,2,3,
860,2619,0,0,2,
860,2620,0,0,3,
860,2621,0,0,3,
860,2622,0,0,4,
860,2623,0,0,1,
860,2624,0,1,2,
860,2625,0,0,4,
860,2626,0,0,1,
860,2628,0,0,3,
860,2629,0,0,0,
860,2630,0,0,0,
860,2631,0,0,0,
880,2346,0,15,116,
880,2449,0,8,62,
880,2464,0,7,58,
880,2473,0,18,74,
880,2485,0,8,55,
880,2502,0,7,60,
880,2503,0,5,31,
880,2509,0,4,44,
880,2513,0,15,77,
880,2523,0,6,39,
880,2531,0,2,42,
880,2537,0,3,44,
880,2545,0,4,37,
880,2546,0,4,32,
880,2549,0,9,26,
880,2551,0,7,38,
880,2567,0,2,37,
880,2568,0,3,40,
880,2572,0,3,24,
880,2573,0,3,34,
880,2577,0,5,30,
880,2581,0,7,39,
880,2587,0,4,34,
880,2588,0,2,38,
880,2590,0,7,25,
880,2594,0,3,34,
880,2596,0,5,25,
880,2599,0,3,34,
880,2603,0,5,32,
880,2607,0,0,22,
880,2609,0,2,35,
880,2612,0,0,18,
880,2613,0,2,29,
880,2616,0,3,19,
880,2617,0,4,24,
880,2618,0,4,34,
880,2620,0,1,24,
880,2621,0,2,19,
880,2622,0,2,28,
880,2624,0,6,23,
880,2626,0,0,26,
880,2636,0,1,24,
880,2646,0,1,15,
880,2648,0,3,13,
880,2649,0,6,20,
880,2650,0,2,10,
880,2651,0,0,15,
880,2652,0,2,14,
880,2654,0,0,10,
880,2655,0,1,11,
880,2656,0,1,4,
880,2658,0,2,13,
880,2659,0,0,13,
880,2661,0,0,5,
880,2663,0,0,9,
880,2665,0,2,13,
880,2666,0,3,7,
880,2667,0,0,6,
880,2668,0,0,10,
880,2670,0,0,7,
880,2673,0,0,13,
880,2676,0,1,4,
880,2677,0,1,4,
880,2678,0,0,2,
880,2680,0,0,4,
880,2681,0,0,5,
880,2682,0,1,0,
880,2683,0,1,2,
880,2684,0,0,2,
880,2685,0,0,1,
880,2686,0,0,1,
880,2687,0,0,1,
880,2688,0,0,2,
880,2689,0,0,0,
880,2690,0,0,0,
880,2691,0,0,0,
900,2464,0,12,79,
900,2485,0,11,69,
900,2502,0,11,70,
900,2503,0,6,46,
900,2509,0,6,69,
900,2531,0,3,56,
900,2537,0,6,63,
900,2546,0,5,46,
900,2567,0,4,51,
900,2568,0,5,53,
900,2573,0,6,59,
900,2577,0,8,44,
900,2587,0,5,52,
900,2590,0,8,44,
900,2596,0,9,44,
900,2607,0,2,34,
900,2612,0,1,34,
900,2622,0,6,49,
900,2624,0,7,32,
900,2626,0,3,47,
900,2636,0,3,42,
900,2646,0,3,34,
900,2648,0,6,28,
900,2650,0,4,26,
900,2652,0,5,38,
900,2654,0,1,24,
900,2658,0,3,29,
900,2659,0,0,46,
900,2663,0,1,32,
900,2665,0,3,27,
900,2668,0,4,28,
900,2670,0,3,32,
900,2677,0,4,21,
900,2678,0,2,16,
900,2680,0,0,21,
900,2682,0,3,11,
900,2683,0,4,16,
900,2687,0,3,14,
900,2689,0,4,22,
900,2694,0,3,10,
900,2696,0,0,17,
900,2697,0,3,18,
900,2699,0,2,11,
900,2700,0,1,18,
900,2705,0,3,17,
900,2706,0,0,10,
900,2707,0,0,22,
900,2708,0,3,12,
900,2709,0,1,16,
900,2713,0,2,7,
900,2714,0,2,10,
900,2716,0,0,8,
900,2721,0,0,19,
900,2722,0,2,6,
900,2726,0,0,7,
900,2728,0,1,3,
900,2729,0,0,9,
900,2730,0,0,10,
900,2731,0,1,7,
900,2734,0,0,5,
900,2735,0,0,12,
900,2736,0,1,5,
900,2737,0,0,7,
900,2738,0,0,2,
900,2739,0,0,7,
900,2740,0,0,3,
900,2741,0,0,2,
900,2742,0,0,4,
900,2743,0,0,2,
900,2745,0,0,1,
900,2746,0,0,2,
900,2747,0,0,1,
900,2748,0,0,2,
900,2749,0,0,0,
900,2750,0,0,0,
900,2751,0,0,0,
920,2464,0,15,95,
920,2502,0,11,82,
920,2537,0,6,80,
920,2546,0,8,63,
920,2568,0,8,65,
920,2577,0,10,59,
920,2607,0,5,48,
920,2624,0,10,48,
920,2626,0,5,67,
920,2648,0,10,49,
920,2650,0,7,46,
920,2658,0,6,42,
920,2659,0,6,65,
920,2663,0,5,39,
920,2670,0,6,47,
920,2677,0,5,48,
920,2682,0,7,29,
920,2697,0,7,28,
920,2699,0,6,22,
920,2700,0,4,32,
920,2705,0,6,39,
920,2706,0,3,33,
920,2713,0,3,28,
920,2714,0,3,30,
920,2722,0,2,26,
920,2726,0,1,23,
920,2731,0,5,27,
920,2735,0,4,25,
920,2738,0,3,22,
920,2739,0,3,33,
920,2740,0,0,24,
920,2746,0,3,24,
920,2747,0,6,17,
920,2751,0,0,18,
920,2757,0,1,18,
920,2760,0,2,30,
920,2761,0,3,9,
920,2763,0,0,11,
920,2764,0,1,16,
920,2765,0,2,7,
920,2767,0,1,9,
920,2769,0,4,14,
920,2770,0,1,20,
920,2771,0,1,7,
920,2774,0,2,12,
920,2775,0,2,16,
920,2776,0,1,8,
920,2777,0,1,9,
920,2778,0,1,15,
920,2779,0,0,10,
920,2780,0,0,10,
920,2781,0,0,8,
920,2782,0,0,10,
920,2784,0,3,5,
920,2785,0,0,9,
920,2788,0,0,5,
920,2789,0,0,4,
920,2790,0,1,4,
920,2791,0,0,4,
920,2792,0,0,11,
920,2793,0,0,5,
920,2794,0,0,7,
920,2795,0,1,9,
920,2798,0,0,5,
920,2799,0,1,2,
920,2800,0,0,3,
920,2801,0,2,2,
920,2802,0,3,5,
920,2803,0,1,1,
920,2804,0,0,1,
920,2805,0,0,3,
920,2807,0,0,3,
920,2808,0,0,1,
920,2809,0,0,0,
920,2810,0,0,0,
920,2811,0,0,0,
940,2464,0,17,107,
940,2502,0,11,95,
940,2537,0,10,86,
940,2607,0,6,64,
940,2624,0,11,65,
940,2648,0,13,67,
940,2659,0,7,91,
940,2663,0,6,56,
940,2682,0,10,43,
940,2713,0,3,46,
940,2714,0,8,46,
940,2735,0,4,50,
940,2739,0,3,53,
940,2740,0,0,36,
940,2757,0,1,40,
940,2761,0,3,29,
940,2763,0,1,24,
940,2767,0,2,26,
940,2769,0,4,31,
940,2770,0,3,43,
940,2771,0,2,23,
940,2776,0,1,38,
940,2777,0,3,22,
940,2779,0,4,34,
940,2781,0,2,23,
940,2784,0,5,38,
940,2785,0,3,27,
940,2790,0,2,21,
940,2791,0,2,24,
940,2793,0,1,21,
940,2795,0,1,27,
940,2799,0,3,21,
940,2800,0,1,34,
940,2802,0,4,28,
940,2807,0,0,18,
940,2810,0,0,15,
940,2811,0,1,22,
940,2813,0,1,12,
940,2818,0,2,24,
940,2819,0,1,16,
940,2820,0,0,13,
940,2821,0,1,10,
940,2823,0,2,7,
940,2825,0,2,16,
940,2831,0,1,11,
940,2834,0,1,12,
940,2835,0,3,8,
940,2836,0,2,21,
940,2837,0,1,15,
940,2839,0,0,13,
940,2840,0,0,10,
940,2841,0,4,4,
940,2842,0,0,11,
940,2843,0,1,8,
940,2844,0,0,4,
940,2848,0,1,5,
940,2849,0,2,6,
940,2850,0,0,9,
940,2852,0,1,3,
940,2854,0,0,5,
940,2855,0,0,4,
940,2856,0,0,5,
940,2857,0,1,5,
940,2858,0,0,3,
940,2859,0,0,3,
940,2860,0,0,1,
940,2861,0,1,2,
940,2862,0,1,2,
940,2863,0,0,2,
940,2864,0,0,1,
940,2865,0,1,1,
940,2866,0,1,0,
940,2867,0,1,3,
940,2868,0,0,0,
940,2869,0,0,0,
940,2870,0,0,0,
960,2464,0,17,124,
960,2502,0,13,115,
960,2607,0,8,82,
960,2682,0,11,62,
960,2713,0,5,63,
960,2739,0,4,72,
960,2740,0,2,50,
960,2757,0,2,55,
960,2763,0,3,49,
960,2767,0,4,47,
960,2770,0,4,51,
960,2784,0,6,53,
960,2790,0,4,40,
960,2802,0,4,42,
960,2807,0,5,45,
960,2810,0,1,22,
960,2813,0,2,20,
960,2821,0,2,24,
960,2834,0,3,31,
960,2836,0,4,52,
960,2837,0,5,40,
960,2839,0,1,26,
960,2841,0,5,22,
960,2843,0,2,35,
960,2844,0,0,19,
960,2850,0,1,34,
960,2854,0,2,30,
960,2856,0,2,24,
960,2857,0,3,25,
960,2860,0,1,19,
960,2862,0,3,19,
960,2863,0,0,20,
960,2864,0,1,13,
960,2865,0,2,20,
960,2866,0,2,10,
960,2867,0,6,18,
960,2868,0,1,14,
960,2872,0,1,18,
960,2878,0,4,14,
960,2879,0,2,21,
960,2880,0,3,14,
960,2881,0,3,14,
960,2882,0,1,8,
960,2884,0,4,13,
960,2885,0,2,13,
960,2889,0,0,16,
960,2890,0,2,13,
960,2891,0,1,11,
960,2893,0,1,10,
960,2894,0,0,13,
960,2895,0,0,14,
960,2897,0,1,10,
960,2898,0,1,9,
960,2899,0,0,6,
960,2900,0,1,13,
960,2901,0,3,4,
960,2902,0,1,11,
960,2903,0,0,8,
960,2904,0,0,8,
960,2908,0,0,10,
960,2912,0,0,11,
960,2913,0,0,10,
960,2915,0,1,3,
960,2917,0,0,4,
960,2918,0,0,2,
960,2919,0,0,3,
960,2920,0,0,3,
960,2921,0,0,2,
960,2922,0,0,2,
960,2923,0,0,1,
960,2924,0,0,1,
960,2925,0,0,1,
960,2926,0,0,1,
960,2927,0,0,0,
960,2928,0,0,0,
960,2929,0,0,0,
980,2682,0,12,86,
980,2802,0,6,67,
980,2807,0,9,62,
980,2810,0,4,47,
980,2813,0,3,38,
980,2821,0,3,41,
980,2834,0,3,48,
980,2837,0,6,63,
980,2843,0,5,51,
980,2857,0,5,44,
980,2860,0,1,47,
980,2863,0,0,35,
980,2864,0,1,34,
980,2865,0,5,43,
980,2880,0,4,28,
980,2882,0,5,23,
980,2885,0,2,38,
980,2890,0,5,37,
980,2891,0,2,23,
980,2893,0,1,30,
980,2897,0,3,21,
980,2898,0,2,24,
980,2901,0,3,20,
980,2902,0,2,27,
980,2903,0,1,31,
980,2912,0,0,30,
980,2917,0,0,21,
980,2918,0,2,18,
980,2919,0,4,27,
980,2921,0,0,25,
980,2924,0,0,13,
980,2925,0,3,18,
980,2927,0,0,17,
980,2928,0,1,28,
980,2932,0,2,14,
980,2933,0,2,28,
980,2934,0,0,14,
980,2938,0,0,12,
980,2940,0,2,19,
980,2942,0,0,17,
980,2944,0,0,20,
980,2945,0,1,11,
980,2946,0,0,13,
980,2947,0,2,12,
980,2949,0,1,12,
980,2951,0,0,12,
980,2952,0,1,6,
980,2953,0,3,14,
980,2954,0,3,11,
980,2957,0,2,11,
980,2959,0,1,14,
980,2961,0,0,8,
980,2962,0,2,11,
980,2963,0,3,4,
980,2965,0,2,5,
980,2966,0,0,4,
980,2968,0,0,7,
980,2970,0,0,5,
980,2971,0,0,9,
980,2972,0,0,5,
980,2973,0,0,3,
980,2974,0,0,7,
980,2976,0,0,3,
980,2977,0,0,5,
980,2978,0,0,4,
980,2979,0,0,6,
980,2980,0,0,2,
980,2981,0,0,5,
980,2982,0,0,3,
980,2983,0,0,3,
980,2984,0,1,3,
980,2985,0,0,3,
980,2986,0,0,1,
980,2987,0,0,0,
980,2988,0,0,0,
980,2989,0,0,0,
1000,2802,0,7,85,
1000,2807,0,10,83,
1000,2834,0,6,71,
1000,2837,0,7,90,
1000,2843,0,5,71,
1000,2880,0,4,40,
1000,2885,0,3,49,
1000,2898,0,2,33,
1000,2901,0,3,31,
1000,2903,0,2,47,
1000,2918,0,3,27,
1000,2919,0,6,45,
1000,2933,0,3,57,
1000,2938,0,1,30,
1000,2945,0,2,34,
1000,2949,0,2,31,
1000,2953,0,3,37,
1000,2954,0,6,29,
1000,2963,0,4,23,
1000,2966,0,2,19,
1000,2968,0,2,24,
1000,2972,0,0,18,
1000,2973,0,2,17,
1000,2976,0,3,25,
1000,2977,0,1,20,
1000,2980,0,1,17,
1000,2984,0,4,29,
1000,2985,0,1,20,
1000,2986,0,2,28,
1000,2987,0,2,28,
1000,2989,0,1,26,
1000,2990,0,0,18,
1000,2992,0,0,24,
1000,2993,0,1,12,
1000,2995,0,0,12,
1000,2996,0,0,24,
1000,2997,0,1,16,
1000,2998,0,1,17,
1000,2999,0,0,11,
1000,3000,0,2,19,
1000,3001,0,0,8,
1000,3002,0,2,12,
1000,3004,0,0,13,
1000,3005,0,1,9,
1000,3007,0,1,12,
1000,3008,0,0,17,
1000,3013,0,0,10,
1000,3014,0,0,10,
1000,3016,0,2,17,
1000,3018,0,3,10,
1000,3019,0,0,17,
1000,3020,0,1,6,
1000,3021,0,1,5,
1000,3022,0,0,6,
1000,3024,0,0,9,
1000,3025,0,1,6,
1000,3026,0,0,6,
1000,3027,0,0,7,
1000,3028,0,2,4,
1000,3029,0,1,9,
1000,3030,0,1,7,
1000,3032,0,0,10,
1000,3033,0,1,5,
1000,3035,0,0,6,
1000,3037,0,0,6,
1000,3038,0,0,2,
1000,3039,0,0,5,
1000,3040,0,0,1,
1000,3041,0,0,4,
1000,3042,0,1,1,
1000,3043,0,0,3,
1000,3044,0,1,2,
1000,3045,0,0,2,
1000,3046,0,0,0,
1000,3047,0,0,0,
1000,3048,0,0,0,
1020,2802,0,11,101,
1020,2807,0,10,95,
1020,2885,0,4,60,
1020,2903,0,3,61,
1020,2918,0,5,50,
1020,2919,0,10,60,
1020,2945,0,3,60,
1020,2949,0,3,55,
1020,2953,0,5,67,
1020,2963,0,6,36,
1020,2966,0,5,32,
1020,2968,0,5,45,
1020,2984,0,7,49,
1020,2986,0,3,43,
1020,2989,0,3,42,
1020,2990,0,2,41,
1020,2993,0,2,35,
1020,2999,0,3,27,
1020,3001,0,0,25,
1020,3005,0,4,27,
1020,3007,0,4,34,
1020,3008,0,3,32,
1020,3013,0,1,36,
1020,3014,0,4,26,
1020,3026,0,0,22,
1020,3028,0,5,27,
1020,3030,0,1,29,
1020,3035,0,3,22,
1020,3038,0,2,14,
1020,3039,0,1,23,
1020,3040,0,2,24,
1020,3042,0,1,21,
1020,3044,0,2,20,
1020,3045,0,0,22,
1020,3046,0,1,20,
1020,3047,0,2,16,
1020,3049,0,2,24,
1020,3051,0,1,21,
1020,3055,0,2,22,
1020,3056,0,2,14,
1020,3059,0,2,20,
1020,3061,0,3,14,
1020,3063,0,2,20,
1020,3067,0,1,15,
1020,3068,0,2,11,
1020,3069,0,3,14,
1020,3070,0,3,7,
1020,3071,0,4,13,
1020,3074,0,2,9,
1020,3076,0,2,6,
1020,3077,0,2,6,
1020,3078,0,0,6,
1020,3079,0,1,3,
1020,3080,0,2,5,
1020,3082,0,1,8,
1020,3083,0,4,8,
1020,3085,0,0,7,
1020,3086,0,2,5,
1020,3087,0,3,6,
1020,3089,0,0,6,
1020,3090,0,1,4,
1020,3091,0,1,5,
1020,3092,0,1,0,
1020,3093,0,0,3,
1020,3095,0,1,2,
1020,3096,0,1,5,
1020,3097,0,1,1,
1020,3098,0,0,8,
1020,3099,0,0,1,
1020,3100,0,1,2,
1020,3101,0,1,1,
1020,3102,0,1,0,
1020,3104,0,0,1,
1020,3105,0,0,0,
1020,3106,0,0,0,
1020,3107,0,0,0,
1040,2802,0,12,121,
1040,2885,0,6,69,
1040,2963,0,7,52,
1040,2966,0,6,46,
1040,2990,0,7,60,
1040,2993,0,2,52,
1040,3008,0,4,50,
1040,3026,0,3,42,
1040,3028,0,6,39,
1040,3030,0,2,42,
1040,3038,0,2,28,
1040,3040,0,6,43,
1040,3042,0,5,38,
1040,3045,0,3,38,
1040,3051,0,2,39,
1040,3061,0,5,27,
1040,3067,0,4,34,
1040,3068,0,8,27,
1040,3070,0,6,23,
1040,3071,0,10,27,
1040,3074,0,4,24,
1040,3077,0,5,27,
1040,3079,0,2,23,
1040,3080,0,5,22,
1040,3083,0,7,26,
1040,3085,0,5,27,
1040,3091,0,3,18,
1040,3093,0,3,24,
1040,3098,0,1,27,
1040,3101,0,1,22,
1040,3102,0,2,17,
1040,3104,0,6,24,
1040,3107,0,4,20,
1040,3108,0,1,12,
1040,3109,0,2,12,
1040,3110,0,1,24,
1040,3111,0,2,25,
1040,3115,0,3,14,
1040,3121,0,2,13,
1040,3122,0,1,13,
1040,3123,0,3,10,
1040,3124,0,3,6,
1040,3126,0,1,6,
1040,3127,0,2,12,
1040,3128,0,3,15,
1040,3129,0,1,11,
1040,3131,0,6,9,
1040,3133,0,1,14,
1040,3135,0,2,10,
1040,3136,0,0,14,
1040,3138,0,0,15,
1040,3139,0,1,8,
1040,3141,0,2,9,
1040,3142,0,0,6,
1040,3143,0,0,10,
1040,3144,0,0,8,
1040,3146,0,2,5,
1040,3147,0,1,4,
1040,3148,0,2,7,
1040,3149,0,2,5,
1040,3150,0,2,5,
1040,3151,0,1,2,
1040,3152,0,0,3,
1040,3155,0,0,5,
1040,3156,0,1,3,
1040,3157,0,0,1,
1040,3158,0,0,2,
1040,3159,0,0,3,
1040,3160,0,1,1,
1040,3161,0,0,3,
1040,3162,0,0,1,
1040,3163,0,0,1,
1040,3164,0,0,3,
1040,3165,0,0,0,
1040,3166,0,0,0,
1040,3167,0,0,0,
1060,2802,0,13,142,
1060,2885,0,10,90,
1060,2990,0,8,75,
1060,3008,0,7,60,
1060,3026,0,7,63,
1060,3028,0,7,55,
1060,3042,0,7,52,
1060,3079,0,5,37,
1060,3080,0,7,36,
1060,3083,0,12,49,
1060,3101,0,1,37,
1060,3109,0,5,35,
1060,3110,0,3,35,
1060,3115,0,4,25,
1060,3121,0,4,30,
1060,3122,0,3,27,
1060,3127,0,4,33,
1060,3131,0,6,25,
1060,3133,0,5,41,
1060,3136,0,3,31,
1060,3142,0,0,24,
1060,3146,0,5,20,
1060,3150,0,4,25,
1060,3151,0,3,15,
1060,3152,0,1,21,
1060,3155,0,3,15,
1060,3156,0,5,18,
1060,3158,0,9,21,
1060,3159,0,7,26,
1060,3160,0,5,14,
1060,3161,0,0,20,
1060,3163,0,5,24,
1060,3164,0,2,20,
1060,3165,0,2,20,
1060,3167,0,3,21,
1060,3168,0,3,17,
1060,3172,0,2,10,
1060,3173,0,2,17,
1060,3174,0,4,16,
1060,3177,0,5,16,
1060,3178,0,4,11,
1060,3179,0,2,21,
1060,3180,0,1,12,
1060,3181,0,2,18,
1060,3182,0,5,12,
1060,3183,0,0,13,
1060,3187,0,0,17,
1060,3190,0,1,17,
1060,3196,0,2,8,
1060,3197,0,1,6,
1060,3198,0,1,8,
1060,3199,0,0,5,
1060,3200,0,1,7,
1060,3201,0,0,8,
1060,3203,0,2,4,
1060,3204,0,1,10,
1060,3205,0,0,6,
1060,3206,0,3,8,
1060,3207,0,0,3,
1060,3208,0,2,5,
1060,3209,0,1,6,
1060,3211,0,1,6,
1060,3212,0,0,5,
1060,3213,0,0,2,
1060,3214,0,0,2,
1060,3215,0,0,5,
1060,3216,0,2,3,
1060,3217,0,1,2,
1060,3218,0,0,3,
1060,3220,0,0,1,
1060,3221,0,0,1,
1060,3222,0,1,0,
1060,3223,0,0,2,
1060,3224,0,0,0,
1060,3225,0,0,0,
1060,3226,0,0,0,
1080,2885,0,12,110,
1080,2990,0,13,101,
1080,3026,0,10,85,
1080,3042,0,8,72,
1080,3080,0,8,46,
1080,3101,0,2,50,
1080,3110,0,5,54,
1080,3115,0,7,52,
1080,3131,0,7,51,
1080,3133,0,6,63,
1080,3136,0,5,48,
1080,3146,0,7,34,
1080,3158,0,14,47,
1080,3159,0,9,45,
1080,3160,0,6,33,
1080,3164,0,5,33,
1080,3165,0,7,29,
1080,3167,0,4,37,
1080,3172,0,5,28,
1080,3177,0,5,35,
1080,3179,0,7,37,
1080,3180,0,5,33,
1080,3187,0,3,43,
1080,3198,0,2,19,
1080,3200,0,4,22,
1080,3201,0,4,24,
1080,3204,0,4,19,
1080,3206,0,6,15,
1080,3209,0,2,27,
1080,3215,0,4,23,
1080,3216,0,4,22,
1080,3218,0,1,21,
1080,3220,0,3,21,
1080,3222,0,2,25,
1080,3223,0,2,14,
1080,3224,0,5,23,
1080,3225,0,2,20,
1080,3232,0,2,18,
1080,3234,0,1,16,
1080,3235,0,1,20,
1080,3236,0,2,18,
1080,3241,0,2,16,
1080,3242,0,2,11,
1080,3243,0,1,11,
1080,3247,0,0,13,
1080,3248,0,1,6,
1080,3249,0,2,13,
1080,3250,0,1,9,
1080,3251,0,1,9,
1080,3253,0,0,13,
1080,3255,0,2,9,
1080,3256,0,2,4,
1080,3257,0,0,6,
1080,3259,0,1,9,
1080,3260,0,0,7,
1080,3262,0,1,5,
1080,3263,0,1,6,
1080,3264,0,0,6,
1080,3265,0,1,5,
1080,3266,0,0,5,
1080,3267,0,2,8,
1080,3268,0,1,4,
1080,3269,0,0,8,
1080,3270,0,1,5,
1080,3271,0,1,3,
1080,3272,0,1,4,
1080,3273,0,1,2,
1080,3274,0,0,3,
1080,3275,0,0,3,
1080,3276,0,0,2,
1080,3278,0,1,1,
1080,3279,0,0,2,
1080,3280,0,0,2,
1080,3281,0,0,3,
1080,3282,0,0,0,
1080,3283,0,0,0,
1100,2885,0,14,125,
1100,3026,0,15,110,
1100,3042,0,10,92,
1100,3080,0,9,64,
1100,3101,0,7,70,
1100,3115,0,10,66,
1100,3158,0,18,68,
1100,3164,0,8,55,
1100,3165,0,12,49,
1100,3167,0,6,49,
1100,3177,0,8,50,
1100,3179,0,11,50,
1100,3180,0,7,52,
1100,3187,0,5,60,
1100,3198,0,6,35,
1100,3200,0,8,46,
1100,3204,0,5,34,
1100,3206,0,8,31,
1100,3216,0,8,41,
1100,3220,0,7,34,
1100,3223,0,6,28,
1100,3232,0,4,28,
1100,3235,0,2,31,
1100,3242,0,4,21,
1100,3243,0,1,21,
1100,3249,0,8,33,
1100,3250,0,3,20,
1100,3251,0,5,24,
1100,3255,0,6,26,
1100,3266,0,2,17,
1100,3268,0,6,24,
1100,3270,0,6,25,
1100,3272,0,4,20,
1100,3273,0,4,19,
1100,3278,0,5,25,
1100,3279,0,0,26,
1100,3280,0,3,16,
1100,3281,0,5,18,
1100,3282,0,8,13,
1100,3283,0,4,15,
1100,3287,0,5,6,
1100,3288,0,1,19,
1100,3290,0,3,15,
1100,3293,0,3,16,
1100,3295,0,1,9,
1100,3297,0,1,14,
1100,3301,0,4,13,
1100,3303,0,0,14,
1100,3305,0,5,11,
1100,3306,0,0,10,
1100,3307,0,1,9,
1100,3309,0,0,16,
1100,3311,0,0,9,
1100,3312,0,1,7,
1100,3316,0,2,7,
1100,3317,0,1,13,
1100,3318,0,1,7,
1100,3319,0,3,10,
1100,3321,0,2,4,
1100,3322,0,1,9,
1100,3324,0,0,11,
1100,3326,0,2,9,
1100,3329,0,1,5,
1100,3330,0,0,4,
1100,3331,0,1,3,
1100,3332,0,0,1,
1100,3333,0,0,3,
1100,3334,0,1,2,
1100,3335,0,0,2,
1100,3336,0,2,2,
1100,3337,0,0,6,
1100,3339,0,0,1,
1100,3340,0,0,2,
1100,3342,0,0,0,
1100,3343,0,0,0,
1100,3344,0,0,0,
1120,3026,0,19,128,
1120,3042,0,14,103,
1120,3101,0,11,87,
1120,3158,0,19,85,
1120,3164,0,11,69,
1120,3165,0,13,58,
1120,3167,0,9,69,
1120,3198,0,11,47,
1120,3204,0,8,55,
1120,3206,0,10,41,
1120,3220,0,10,50,
1120,3223,0,6,49,
1120,3232,0,6,45,
1120,3249,0,11,43,
1120,3255,0,7,41,
1120,3268,0,10,50,
1120,3270,0,10,40,
1120,3273,0,5,30,
1120,3278,0,6,42,
1120,3280,0,6,41,
1120,3282,0,11,30,
1120,3288,0,1,37,
1120,3297,0,3,29,
1120,3305,0,8,31,
1120,3307,0,3,22,
1120,3309,0,4,43,
1120,3321,0,4,30,
1120,3324,0,2,29,
1120,3326,0,4,32,
1120,3331,0,4,17,
1120,3332,0,1,15,
1120,3334,0,4,23,
1120,3335,0,3,24,
1120,3339,0,3,19,
1120,3342,0,4,20,
1120,3344,0,3,11,
1120,3345,0,3,11,
1120,3346,0,1,26,
1120,3347,0,0,18,
1120,3350,0,1,13,
1120,3351,0,1,15,
1120,3355,0,3,18,
1120,3356,0,1,11,
1120,3357,0,1,17,
1120,3360,0,2,15,
1120,3361,0,1,16,
1120,3364,0,1,16,
1120,3365,0,0,13,
1120,3367,0,3,13,
1120,3368,0,1,11,
1120,3369,0,0,12,
1120,3371,0,2,7,
1120,3372,0,0,9,
1120,3373,0,1,10,
1120,3375,0,0,9,
1120,3378,0,1,10,
1120,3379,0,2,4,
1120,3380,0,0,5,
1120,3381,0,0,4,
1120,3382,0,0,8,
1120,3384,0,1,5,
1120,3385,0,1,7,
1120,3386,0,1,4,
1120,3387,0,0,7,
1120,3388,0,0,9,
1120,3390,0,0,3,
1120,3391,0,0,5,
1120,3394,0,1,1,
1120,3395,0,0,3,
1120,3396,0,0,3,
1120,3398,0,1,1,
1120,3399,0,1,1,
1120,3401,0,1,0,
1120,3402,0,0,0,
1120,3403,0,0,0,
1120,3404,0,0,0,
1140,3042,0,17,112,
1140,3101,0,12,101,
1140,3158,0,20,102,
1140,3164,0,13,77,
1140,3167,0,11,92,
1140,3198,0,13,68,
1140,3204,0,12,72,
1140,3206,0,12,52,
1140,3220,0,11,65,
1140,3223,0,11,63,
1140,3232,0,11,57,
1140,3273,0,8,49,
1140,3278,0,9,59,
1140,3297,0,5,45,
1140,3305,0,11,49,
1140,3321,0,7,54,
1140,3324,0,4,41,
1140,3326,0,8,55,
1140,3331,0,5,41,
1140,3332,0,1,34,
1140,3334,0,5,33,
1140,3342,0,7,39,
1140,3345,0,6,30,
1140,3351,0,4,29,
1140,3355,0,5,34,
1140,3356,0,7,28,
1140,3360,0,4,34,
1140,3365,0,2,39,
1140,3375,0,1,18,
1140,3380,0,3,19,
1140,3385,0,5,21,
1140,3390,0,4,19,
1140,3391,0,2,22,
1140,3396,0,2,19,
1140,3399,0,5,21,
1140,3401,0,3,18,
1140,3405,0,1,14,
1140,3406,0,2,18,
1140,3411,0,3,11,
1140,3413,0,0,15,
1140,3414,0,2,23,
1140,3415,0,2,18,
1140,3417,0,3,13,
1140,3419,0,0,14,
1140,3425,0,0,8,
1140,3428,0,1,6,
1140,3429,0,0,16,
1140,3430,0,2,10,
1140,3432,0,2,11,
1140,3433,0,1,8,
1140,3434,0,0,11,
1140,3435,0,1,9,
1140,3437,0,0,7,
1140,3439,0,0,5,
1140,3440,0,3,11,
1140,3441,0,1,5,
1140,3442,0,1,7,
1140,3443,0,1,8,
1140,3444,0,1,4,
1140,3445,0,0,8,
1140,3446,0,2,8,
1140,3447,0,0,7,
1140,3450,0,0,5,
1140,3451,0,0,2,
1140,3453,0,1,7,
1140,3454,0,1,5,
1140,3455,0,0,7,
1140,3456,0,0,3,
1140,3457,0,0,2,
1140,3458,0,0,3,
1140,3459,0,1,1,
1140,3460,0,0,1,
1140,3461,0,1,1,
1140,3462,0,0,0,
1140,3463,0,0,0,
1140,3464,0,0,0,
1160,3198,0,15,83,
1160,3204,0,16,95,
1160,3273,0,9,65,
1160,3278,0,9,78,
1160,3297,0,7,63,
1160,3321,0,8,72,
1160,3324,0,5,57,
1160,3332,0,3,46,
1160,3345,0,9,49,
1160,3351,0,4,41,
1160,3360,0,5,50,
1160,3365,0,3,56,
1160,3390,0,6,42,
1160,3391,0,2,35,
1160,3399,0,6,43,
1160,3406,0,5,34,
1160,3414,0,5,42,
1160,3417,0,6,32,
1160,3429,0,4,29,
1160,3434,0,4,36,
1160,3435,0,1,27,
1160,3439,0,3,15,
1160,3441,0,2,30,
1160,3445,0,0,20,
1160,3447,0,0,24,
1160,3451,0,2,23,
1160,3454,0,5,28,
1160,3456,0,1,17,
1160,3459,0,2,16,
1160,3461,0,2,23,
1160,3463,0,2,24,
1160,3465,0,1,9,
1160,3467,0,0,16,
1160,3469,0,1,14,
1160,3470,0,2,13,
1160,3474,0,2,17,
1160,3475,0,1,12,
1160,3476,0,2,11,
1160,3477,0,1,16,
1160,3478,0,0,23,
1160,3479,0,0,8,
1160,3480,0,0,16,
1160,3481,0,3,18,
1160,3482,0,1,10,
1160,3483,0,1,8,
1160,3484,0,0,18,
1160,3486,0,0,7,
1160,3488,0,0,13,
1160,3490,0,3,13,
1160,3493,0,1,9,
1160,3494,0,1,11,
1160,3495,0,1,13,
1160,3496,0,0,9,
1160,3498,0,1,7,
1160,3500,0,0,4,
1160,3501,0,0,8,
1160,3502,0,0,14,
1160,3504,0,0,8,
1160,3505,0,0,9,
1160,3506,0,0,7,
1160,3507,0,0,4,
1160,3508,0,1,7,
1160,3509,0,1,7,
1160,3510,0,0,5,
1160,3511,0,0,2,
1160,3512,0,0,3,
1160,3513,0,1,2,
1160,3514,0,0,6,
1160,3515,0,0,2,
1160,3517,0,1,1,
1160,3518,0,0,2,
1160,3519,0,0,1,
1160,3520,0,0,2,
1160,3521,0,1,0,
1160,3522,0,0,0,
1160,3523,0,0,0,
1180,3204,0,16,110,
1180,3273,0,10,78,
1180,3278,0,11,90,
1180,3324,0,8,75,
1180,3332,0,4,74,
1180,3351,0,5,59,
1180,3360,0,6,62,
1180,3390,0,9,58,
1180,3391,0,3,56,
1180,3414,0,7,58,
1180,3435,0,3,43,
1180,3439,0,4,27,
1180,3441,0,2,45,
1180,3451,0,3,36,
1180,3454,0,9,51,
1180,3456,0,2,51,
1180,3459,0,3,42,
1180,3461,0,2,36,
1180,3463,0,2,49,
1180,3474,0,3,34,
1180,3475,0,1,27,
1180,3478,0,1,43,
1180,3479,0,1,27,
1180,3483,0,3,22,
1180,3484,0,1,40,
1180,3495,0,3,25,
1180,3498,0,2,28,
1180,3500,0,0,27,
1180,3506,0,0,26,
1180,3508,0,4,30,
1180,3510,0,3,28,
1180,3511,0,2,28,
1180,3512,0,1,25,
1180,3513,0,1,15,
1180,3514,0,2,25,
1180,3518,0,6,30,
1180,3519,0,2,14,
1180,3521,0,2,20,
1180,3523,0,0,13,
1180,3524,0,1,18,
1180,3525,0,2,22,
1180,3527,0,2,22,
1180,3532,0,2,18,
1180,3534,0,0,19,
1180,3537,0,1,15,
1180,3540,0,1,11,
1180,3542,0,1,8,
1180,3545,0,0,12,
1180,3550,0,1,17,
1180,3552,0,0,6,
1180,3556,0,0,9,
1180,3557,0,0,4,
1180,3559,0,0,9,
1180,3560,0,0,8,
1180,3561,0,1,9,
1180,3562,0,0,4,
1180,3563,0,1,8,
1180,3564,0,1,10,
1180,3565,0,1,5,
1180,3566,0,0,7,
1180,3567,0,0,4,
1180,3568,0,0,4,
1180,3569,0,0,1,
1180,3570,0,1,3,
1180,3571,0,0,6,
1180,3572,0,2,6,
1180,3573,0,0,6,
1180,3574,0,0,1,
1180,3575,0,0,3,
1180,3576,0,0,3,
1180,3577,0,0,1,
1180,3578,0,0,1,
1180,3579,0,2,3,
1180,3580,0,0,0,
1180,3581,0,0,0,
1180,3582,0,0,0,
1200,3204,0,16,129,
1200,3273,0,11,92,
1200,3278,0,12,109,
1200,3332,0,6,100,
1200,3391,0,5,77,
1200,3451,0,4,54,
1200,3454,0,15,69,
1200,3461,0,5,57,
1200,3483,0,4,40,
1200,3484,0,3,60,
1200,3495,0,3,40,
1200,3498,0,5,49,
1200,3500,0,1,48,
1200,3506,0,0,48,
1200,3512,0,5,47,
1200,3513,0,3,31,
1200,3514,0,2,40,
1200,3518,0,6,49,
1200,3521,0,3,38,
1200,3523,0,3,42,
1200,3527,0,2,42,
1200,3532,0,3,46,
1200,3534,0,1,36,
1200,3537,0,1,40,
1200,3540,0,1,32,
1200,3545,0,1,24,
1200,3560,0,1,22,
1200,3562,0,4,25,
1200,3567,0,0,20,
1200,3569,0,0,12,
1200,3571,0,1,28,
1200,3576,0,0,15,
1200,3577,0,1,15,
1200,3578,0,2,10,
1200,3579,0,2,18,
1200,3580,0,2,25,
1200,3581,0,1,26,
1200,3582,0,3,22,
1200,3583,0,1,23,
1200,3584,0,0,12,
1200,3585,0,0,24,
1200,3588,0,0,12,
1200,3590,0,1,19,
1200,3592,0,1,16,
1200,3594,0,0,8,
1200,3595,0,1,13,
1200,3596,0,1,15,
1200,3597,0,3,20,
1200,3598,0,1,8,
1200,3601,0,1,15,
1200,3602,0,0,10,
1200,3604,0,0,12,
1200,3606,0,2,11,
1200,3607,0,0,11,
1200,3611,0,1,12,
1200,3612,0,2,8,
1200,3614,0,0,7,
1200,3615,0,0,7,
1200,3617,0,1,7,
1200,3618,0,0,3,
1200,3619,0,1,3,
1200,3620,0,2,9,
1200,3623,0,1,7,
1200,3624,0,0,5,
1200,3625,0,1,3,
1200,3627,0,0,8,
1200,3629,0,0,4,
1200,3630,0,0,2,
1200,3631,0,0,4,
1200,3634,0,0,3,
1200,3635,0,0,3,
1200,3636,0,0,3,
1200,3637,0,0,2,
1200,3638,0,0,0,
1200,3639,0,0,0,
1200,3640,0,0,0,
1220,3332,0,7,119,
1220,3451,0,8,81,
1220,3483,0,4,66,
1220,3484,0,3,81,
1220,3495,0,5,58,
1220,3498,0,5,69,
1220,3500,0,3,62,
1220,3506,0,1,74,
1220,3512,0,5,67,
1220,3521,0,4,56,
1220,3523,0,4,67,
1220,3532,0,4,72,
1220,3567,0,1,42,
1220,3578,0,4,20,
1220,3579,0,2,37,
1220,3580,0,2,54,
1220,3583,0,3,42,
1220,3584,0,1,23,
1220,3585,0,3,42,
1220,3588,0,0,29,
1220,3592,0,2,22,
1220,3596,0,2,40,
1220,3598,0,3,22,
1220,3606,0,4,27,
1220,3611,0,2,30,
1220,3615,0,0,22,
1220,3624,0,1,21,
1220,3625,0,2,29,
1220,3630,0,0,18,
1220,3635,0,0,21,
1220,3641,0,0,15,
1220,3642,0,0,22,
1220,3645,0,0,26,
1220,3646,0,2,12,
1220,3647,0,0,20,
1220,3648,0,2,16,
1220,3649,0,2,23,
1220,3652,0,2,21,
1220,3653,0,1,19,
1220,3656,0,0,13,
1220,3657,0,0,19,
1220,3659,0,0,13,
1220,3660,0,1,16,
1220,3661,0,2,17,
1220,3665,0,0,13,
1220,3667,0,1,13,
1220,3668,0,0,13,
1220,3669,0,1,8,
1220,3670,0,0,12,
1220,3671,0,2,8,
1220,3672,0,0,9,
1220,3673,0,3,9,
1220,3674,0,0,9,
1220,3675,0,0,8,
1220,3676,0,1,10,
1220,3677,0,1,4,
1220,3678,0,0,4,
1220,3679,0,0,10,
1220,3680,0,0,11,
1220,3681,0,1,10,
1220,3683,0,1,2,
1220,3684,0,1,2,
1220,3685,0,0,6,
1220,3686,0,0,5,
1220,3687,0,1,1,
1220,3689,0,0,5,
1220,3690,0,0,5,
1220,3691,0,0,3,
1220,3692,0,0,1,
1220,3693,0,0,4,
1220,3694,0,0,1,
1220,3695,0,0,2,
1220,3696,0,0,1,
1220,3697,0,1,0,
1220,3699,0,0,0,
1220,3700,0,0,0,
1240,3484,0,4,100,
1240,3495,0,7,70,
1240,3498,0,6,91,
1240,3512,0,6,85,
1240,3523,0,5,88,
1240,3567,0,1,54,
1240,3578,0,4,35,
1240,3579,0,2,61,
1240,3584,0,3,40,
1240,3592,0,4,41,
1240,3598,0,3,31,
1240,3611,0,2,45,
1240,3615,0,2,38,
1240,3624,0,1,39,
1240,3625,0,3,50,
1240,3630,0,2,36,
1240,3635,0,1,42,
1240,3642,0,2,40,
1240,3645,0,1,42,
1240,3646,0,4,27,
1240,3647,0,1,36,
1240,3656,0,2,27,
1240,3657,0,0,42,
1240,3659,0,1,25,
1240,3667,0,3,28,
1240,3668,0,4,37,
1240,3673,0,3,26,
1240,3678,0,1,20,
1240,3679,0,1,31,
1240,3686,0,1,22,
1240,3687,0,6,26,
1240,3689,0,1,18,
1240,3691,0,1,21,
1240,3692,0,0,19,
1240,3695,0,0,23,
1240,3696,0,0,16,
1240,3697,0,2,18,
1240,3703,0,2,21,
1240,3706,0,1,25,
1240,3707,0,0,21,
1240,3709,0,3,19,
1240,3710,0,4,21,
1240,3712,0,0,18,
1240,3713,0,1,16,
1240,3716,0,1,17,
1240,3717,0,2,13,
1240,3718,0,1,11,
1240,3720,0,1,7,
1240,3724,0,1,13,
1240,3725,0,1,12,
1240,3726,0,1,7,
1240,3727,0,1,13,
1240,3731,0,0,8,
1240,3734,0,1,12,
1240,3735,0,1,8,
1240,3736,0,0,4,
1240,3737,0,2,3,
1240,3738,0,0,12,
1240,3739,0,0,7,
1240,3740,0,0,8,
1240,3744,0,0,2,
1240,3745,0,0,6,
1240,3746,0,1,10,
1240,3747,0,1,4,
1240,3748,0,0,5,
1240,3749,0,0,3,
1240,3750,0,0,3,
1240,3751,0,2,2,
1240,3753,0,0,3,
1240,3754,0,1,2,
1240,3755,0,1,0,
1240,3756,0,1,2,
1240,3757,0,0,1,
1240,3758,0,0,0,
1240,3759,0,0,0,
1240,3760,0,0,0,
1260,3484,0,4,132,
1260,3523,0,5,96,
1260,3567,0,1,71,
1260,3578,0,4,53,
1260,3611,0,2,65,
1260,3615,0,4,55,
1260,3624,0,1,62,
1260,3630,0,5,64,
1260,3635,0,4,69,
1260,3645,0,3,64,
1260,3646,0,7,49,
1260,3656,0,4,54,
1260,3657,0,1,54,
1260,3659,0,1,43,
1260,3689,0,2,36,
1260,3695,0,1,36,
1260,3697,0,6,31,
1260,3709,0,5,36,
1260,3712,0,2,36,
1260,3713,0,1,33,
1260,3716,0,1,39,
1260,3720,0,2,26,
1260,3731,0,0,25,
1260,3734,0,2,26,
1260,3735,0,4,22,
1260,3738,0,0,22,
1260,3740,0,0,30,
1260,3744,0,1,25,
1260,3747,0,5,15,
1260,3748,0,0,31,
1260,3751,0,2,22,
1260,3754,0,1,21,
1260,3755,0,1,14,
1260,3758,0,1,13,
1260,3759,0,1,30,
1260,3761,0,0,12,
1260,3762,0,2,23,
1260,3763,0,3,16,
1260,3764,0,0,17,
1260,3767,0,0,14,
1260,3768,0,1,18,
1260,3773,0,0,15,
1260,3776,0,0,15,
1260,3777,0,1,15,
1260,3779,0,2,13,
1260,3782,0,0,16,
1260,3783,0,0,13,
1260,3784,0,1,8,
1260,3786,0,0,14,
1260,3787,0,5,10,
1260,3788,0,1,9,
1260,3789,0,0,10,
1260,3791,0,0,13,
1260,3792,0,0,10,
1260,3795,0,0,13,
1260,3796,0,0,10,
1260,3798,0,0,10,
1260,3799,0,1,4,
1260,3800,0,1,7,
1260,3801,0,2,2,
1260,3803,0,0,6,
1260,3805,0,0,9,
1260,3806,0,1,4,
1260,3807,0,0,6,
1260,3808,0,1,2,
1260,3810,0,0,4,
1260,3811,0,0,3,
1260,3812,0,0,2,
1260,3813,0,0,1,
1260,3814,0,1,1,
1260,3815,0,0,2,
1260,3816,0,0,1,
1260,3817,0,0,1,
1260,3818,0,0,0,
1260,3819,0,0,0,
1260,3820,0,0,0,
1280,3615,0,5,77,
1280,3624,0,3,83,
1280,3630,0,6,84,
1280,3657,0,1,69,
1280,3713,0,1,49,
1280,3716,0,2,48,
1280,3734,0,6,49,
1280,3735,0,7,40,
1280,3747,0,5,30,
1280,3751,0,3,45,
1280,3759,0,2,43,
1280,3761,0,0,29,
1280,3763,0,5,34,
1280,3764,0,0,33,
1280,3767,0,2,26,
1280,3773,0,1,42,
1280,3779,0,4,31,
1280,3784,0,2,25,
1280,3788,0,5,30,
1280,3792,0,2,29,
1280,3795,0,2,35,
1280,3796,0,2,33,
1280,3799,0,1,23,
1280,3803,0,2,21,
1280,3806,0,1,23,
1280,3808,0,1,21,
1280,3812,0,1,23,
1280,3814,0,1,27,
1280,3815,0,1,24,
1280,3816,0,0,13,
1280,3817,0,1,16,
1280,3818,0,0,17,
1280,3819,0,1,22,
1280,3821,0,0,16,
1280,3826,0,0,14,
1280,3830,0,2,14,
1280,3832,0,0,10,
1280,3834,0,1,20,
1280,3835,0,1,21,
1280,3836,0,2,25,
1280,3837,0,0,13,
1280,3838,0,2,21,
1280,3839,0,1,12,
1280,3840,0,0,12,
1280,3842,0,0,13,
1280,3843,0,1,13,
1280,3844,0,0,7,
1280,3846,0,1,10,
1280,3847,0,0,15,
1280,3849,0,0,8,
1280,3851,0,0,7,
1280,3852,0,1,11,
1280,3853,0,0,15,
1280,3854,0,0,14,
1280,3855,0,0,9,
1280,3856,0,1,4,
1280,3857,0,0,6,
1280,3859,0,0,7,
1280,3861,0,1,5,
1280,3862,0,0,6,
1280,3863,0,2,4,
1280,3864,0,1,6,
1280,3865,0,1,1,
1280,3866,0,0,4,
1280,3867,0,0,5,
1280,3868,0,0,4,
1280,3869,0,0,4,
1280,3870,0,0,5,
1280,3872,0,0,5,
1280,3873,0,0,2,
1280,3874,0,0,2,
1280,3875,0,0,1,
1280,3876,0,0,2,
1280,3877,0,0,0,
1280,3878,0,0,0,
1280,3879,0,0,0,
1300,3615,0,7,96,
1300,3630,0,6,101,
1300,3713,0,1,69,
1300,3734,0,6,71,
1300,3759,0,2,53,
1300,3761,0,1,41,
1300,3763,0,5,49,
1300,3767,0,2,41,
1300,3779,0,4,51,
1300,3784,0,3,45,
1300,3795,0,3,59,
1300,3799,0,3,45,
1300,3803,0,4,39,
1300,3815,0,2,35,
1300,3816,0,3,22,
1300,3818,0,0,31,
1300,3819,0,2,32,
1300,3834,0,1,39,
1300,3835,0,2,38,
1300,3837,0,1,35,
1300,3839,0,1,29,
1300,3840,0,1,28,
1300,3842,0,0,32,
1300,3846,0,3,30,
1300,3847,0,1,34,
1300,3852,0,4,30,
1300,3853,0,1,38,
1300,3854,0,3,45,
1300,3855,0,1,25,
1300,3857,0,0,23,
1300,3863,0,2,21,
1300,3873,0,0,34,
1300,3875,0,1,21,
1300,3878,0,2,19,
1300,3879,0,1,21,
1300,3881,0,1,22,
1300,3883,0,0,27,
1300,3885,0,2,28,
1300,3888,0,1,8,
1300,3889,0,1,17,
1300,3890,0,0,19,
1300,3892,0,0,11,
1300,3894,0,0,10,
1300,3896,0,1,12,
1300,3897,0,0,21,
1300,3899,0,2,16,
1300,3900,0,0,17,
1300,3901,0,0,9,
1300,3905,0,1,14,
1300,3906,0,0,8,
1300,3907,0,0,13,
1300,3908,0,1,10,
1300,3910,0,3,9,
1300,3911,0,0,5,
1300,3912,0,0,7,
1300,3913,0,0,7,
1300,3914,0,0,5,
1300,3916,0,0,5,
1300,3917,0,1,6,
1300,3918,0,0,5,
1300,3920,0,0,8,
1300,3921,0,1,4,
1300,3922,0,0,6,
1300,3923,0,0,4,
1300,3924,0,0,3,
1300,3925,0,0,3,
1300,3927,0,0,5,
1300,3928,0,0,3,
1300,3929,0,0,4,
1300,3930,0,1,2,
1300,3931,0,0,4,
1300,3932,0,0,2,
1300,3934,0,0,2,
1300,3935,0,0,0,
1300,3936,0,0,0,
1300,3937,0,0,0,
1320,3615,0,8,120,
1320,3761,0,1,59,
1320,3779,0,4,70,
1320,3795,0,3,78,
1320,3799,0,4,66,
1320,3815,0,3,52,
1320,3816,0,4,36,
1320,3837,0,2,54,
1320,3840,0,1,45,
1320,3852,0,5,47,
1320,3853,0,1,54,
1320,3863,0,4,32,
1320,3873,0,1,58,
1320,3875,0,2,46,
1320,3879,0,2,48,
1320,3885,0,2,47,
1320,3889,0,2,47,
1320,3890,0,0,40,
1320,3892,0,1,26,
1320,3896,0,1,39,
1320,3900,0,1,39,
1320,3905,0,1,39,
1320,3908,0,6,27,
1320,3910,0,3,22,
1320,3911,0,1,23,
1320,3912,0,1,21,
1320,3913,0,1,28,
1320,3916,0,3,20,
1320,3924,0,3,16,
1320,3925,0,0,23,
1320,3930,0,3,22,
1320,3931,0,1,21,
1320,3934,0,1,21,
1320,3935,0,0,19,
1320,3937,0,1,18,
1320,3939,0,0,12,
1320,3940,0,1,22,
1320,3942,0,0,16,
1320,3947,0,0,11,
1320,3949,0,1,12,
1320,3950,0,0,23,
1320,3951,0,1,12,
1320,3952,0,1,13,
1320,3953,0,2,12,
1320,3955,0,2,18,
1320,3956,0,1,12,
1320,3957,0,0,12,
1320,3959,0,1,15,
1320,3960,0,1,7,
1320,3963,0,2,8,
1320,3964,0,0,12,
1320,3965,0,0,10,
1320,3967,0,1,9,
1320,3969,0,1,10,
1320,3970,0,0,7,
1320,3972,0,0,10,
1320,3973,0,0,9,
1320,3974,0,0,12,
1320,3975,0,2,11,
1320,3977,0,1,7,
1320,3979,0,0,9,
1320,3980,0,0,4,
1320,3982,0,0,6,
1320,3983,0,0,3,
1320,3984,0,0,4,
1320,3985,0,0,7,
1320,3987,0,0,3,
1320,3988,0,0,3,
1320,3989,0,1,2,
1320,3990,0,1,3,
1320,3991,0,0,1,
1320,3993,0,0,3,
1320,3994,0,0,1,
1320,3995,0,0,0,
1320,3996,0,0,0,
1320,3997,0,0,0,
1340,3779,0,4,86,
1340,3795,0,3,97,
1340,3799,0,5,81,
1340,3837,0,3,75,
1340,3840,0,2,66,
1340,3873,0,1,76,
1340,3889,0,2,63,
1340,3892,0,1,49,
1340,3905,0,3,67,
1340,3908,0,7,46,
1340,3910,0,4,41,
1340,3911,0,4,45,
1340,3913,0,2,43,
1340,3916,0,4,41,
1340,3924,0,3,32,
1340,3925,0,3,40,
1340,3937,0,2,41,
1340,3940,0,3,43,
1340,3947,0,1,22,
1340,3952,0,1,30,
1340,3955,0,4,34,
1340,3964,0,2,36,
1340,3967,0,1,28,
1340,3970,0,0,30,
1340,3973,0,1,22,
1340,3979,0,0,34,
1340,3983,0,1,23,
1340,3984,0,1,17,
1340,3985,0,1,31,
1340,3987,0,0,22,
1340,3988,0,2,23,
1340,3989,0,1,22,
1340,3990,0,2,23,
1340,3993,0,2,24,
1340,3994,0,0,13,
1340,3995,0,1,26,
1340,3998,0,1,23,
1340,3999,0,0,29,
1340,4004,0,1,23,
1340,4005,0,1,18,
1340,4006,0,1,14,
1340,4007,0,0,18,
1340,4008,0,1,13,
1340,4009,0,2,23,
1340,4010,0,0,15,
1340,4016,0,1,16,
1340,4019,0,1,14,
1340,4020,0,0,13,
1340,4021,0,0,12,
1340,4022,0,1,11,
1340,4023,0,2,10,
1340,4024,0,2,8,
1340,4027,0,1,17,
1340,4028,0,2,9,
1340,4029,0,1,9,
1340,4033,0,2,7,
1340,4035,0,0,4,
1340,4036,0,0,6,
1340,4037,0,0,8,
1340,4038,0,0,4,
1340,4041,0,0,4,
1340,4042,0,0,6,
1340,4043,0,0,3,
1340,4044,0,0,5,
1340,4045,0,0,4,
1340,4046,0,1,4,
1340,4047,0,1,4,
1340,4048,0,1,2,
1340,4049,0,0,3,
1340,4050,0,1,1,
1340,4051,0,0,1,
1340,4052,0,0,3,
1340,4053,0,0,2,
1340,4054,0,0,0,
1340,4055,0,0,0,
1340,4056,0,0,0,
1360,3779,0,5,111,
1360,3799,0,8,95,
1360,3889,0,4,86,
1360,3908,0,7,69,
1360,3910,0,6,59,
1360,3913,0,3,62,
1360,3925,0,4,64,
1360,3937,0,4,60,
1360,3940,0,3,59,
1360,3947,0,2,32,
1360,3952,0,4,44,
1360,3955,0,4,46,
1360,3967,0,5,49,
1360,3979,0,0,57,
1360,3985,0,2,50,
1360,3988,0,3,41,
1360,3989,0,4,45,
1360,3990,0,2,39,
1360,3993,0,3,40,
1360,3994,0,1,34,
1360,3998,0,1,37,
1360,3999,0,4,56,
1360,4005,0,1,45,
1360,4006,0,1,34,
1360,4008,0,1,29,
1360,4010,0,1,26,
1360,4021,0,1,23,
1360,4023,0,2,38,
1360,4027,0,3,37,
1360,4028,0,3,36,
1360,4035,0,0,17,
1360,4036,0,0,22,
1360,4038,0,2,24,
1360,4041,0,0,21,
1360,4042,0,1,26,
1360,4050,0,2,18,
1360,4051,0,1,24,
1360,4052,0,2,23,
1360,4058,0,3,22,
1360,4062,0,1,18,
1360,4064,0,0,14,
1360,4066,0,6,21,
1360,4068,0,1,14,
1360,4071,0,1,16,
1360,4074,0,2,13,
1360,4075,0,1,10,
1360,4076,0,3,15,
1360,4077,0,1,17,
1360,4080,0,0,10,
1360,4081,0,0,9,
1360,4082,0,1,14,
1360,4084,0,2,7,
1360,4086,0,0,14,
1360,4087,0,1,4,
1360,4088,0,1,8,
1360,4089,0,1,10,
1360,4092,0,0,5,
1360,4094,0,0,5,
1360,4096,0,0,5,
1360,4097,0,1,6,
1360,4098,0,1,1,
1360,4099,0,0,8,
1360,4100,0,0,9,
1360,4101,0,1,7,
1360,4103,0,2,3,
1360,4105,0,0,3,
1360,4106,0,0,3,
1360,4107,0,2,1,
1360,4109,0,0,2,
1360,4110,0,1,3,
1360,4111,0,0,1,
1360,4112,0,0,1,
1360,4113,0,0,1,
1360,4114,0,0,0,
1360,4115,0,0,0,
1360,4116,0,0,0,
1380,3889,0,6,102,
1380,3910,0,7,72,
1380,3925,0,8,85,
1380,3937,0,6,77,
1380,3947,0,3,47,
1380,3952,0,4,63,
1380,3955,0,7,64,
1380,3999,0,5,74,
1380,4005,0,1,64,
1380,4008,0,4,44,
1380,4021,0,3,39,
1380,4023,0,5,55,
1380,4028,0,4,61,
1380,4038,0,3,49,
1380,4041,0,1,31,
1380,4042,0,3,44,
1380,4050,0,3,31,
1380,4051,0,2,52,
1380,4058,0,4,43,
1380,4062,0,1,28,
1380,4066,0,8,45,
1380,4074,0,2,31,
1380,4075,0,1,22,
1380,4080,0,2,34,
1380,4086,0,2,36,
1380,4096,0,3,32,
1380,4100,0,4,26,
1380,4106,0,0,20,
1380,4109,0,0,20,
1380,4111,0,1,19,
1380,4112,0,2,21,
1380,4115,0,2,25,
1380,4116,0,3,26,
1380,4118,0,1,19,
1380,4120,0,3,22,
1380,4128,0,3,18,
1380,4129,0,0,23,
1380,4131,0,0,13,
1380,4134,0,1,7,
1380,4135,0,0,12,
1380,4136,0,1,8,
1380,4137,0,2,21,
1380,4138,0,1,21,
1380,4140,0,1,16,
1380,4142,0,3,14,
1380,4143,0,1,14,
1380,4144,0,2,10,
1380,4145,0,0,13,
1380,4146,0,0,9,
1380,4148,0,1,11,
1380,4149,0,0,7,
1380,4150,0,1,6,
1380,4151,0,1,6,
1380,4152,0,1,10,
1380,4153,0,0,6,
1380,4154,0,0,5,
1380,4156,0,0,9,
1380,4157,0,0,6,
1380,4158,0,0,4,
1380,4159,0,0,6,
1380,4160,0,0,5,
1380,4161,0,1,4,
1380,4162,0,1,2,
1380,4163,0,1,3,
1380,4164,0,0,4,
1380,4165,0,1,2,
1380,4166,0,2,4,
1380,4167,0,0,2,
1380,4168,0,1,1,
1380,4169,0,0,2,
1380,4170,0,0,1,
1380,4171,0,1,0,
1380,4172,0,0,1,
1380,4173,0,0,0,
1380,4174,0,0,0,
1380,4175,0,0,0,
1400,3925,0,8,114,
1400,3937,0,8,93,
1400,3952,0,4,72,
1400,4038,0,4,74,
1400,4042,0,5,71,
1400,4080,0,2,52,
1400,4109,0,2,41,
1400,4111,0,4,38,
1400,4112,0,3,30,
1400,4115,0,5,54,
1400,4118,0,3,36,
1400,4120,0,5,39,
1400,4129,0,4,40,
1400,4135,0,1,30,
1400,4137,0,2,41,
1400,4140,0,1,29,
1400,4142,0,4,27,
1400,4143,0,3,37,
1400,4145,0,1,36,
1400,4151,0,1,23,
1400,4152,0,2,29,
1400,4154,0,0,30,
1400,4156,0,0,19,
1400,4157,0,0,37,
1400,4159,0,1,17,
1400,4160,0,2,26,
1400,4162,0,5,22,
1400,4163,0,2,17,
1400,4164,0,3,18,
1400,4169,0,1,18,
1400,4170,0,1,15,
1400,4171,0,1,13,
1400,4173,0,1,19,
1400,4174,0,1,22,
1400,4176,0,0,20,
1400,4179,0,3,20,
1400,4181,0,2,22,
1400,4182,0,0,13,
1400,4184,0,0,16,
1400,4185,0,1,11,
1400,4186,0,0,15,
1400,4187,0,2,27,
1400,4194,0,1,18,
1400,4198,0,0,16,
1400,4199,0,0,16,
1400,4203,0,1,9,
1400,4204,0,1,11,
1400,4205,0,1,16,
1400,4206,0,1,9,
1400,4207,0,0,7,
1400,4209,0,1,8,
1400,4210,0,0,5,
1400,4211,0,0,8,
1400,4212,0,1,6,
1400,4213,0,1,2,
1400,4214,0,2,6,
1400,4215,0,0,3,
1400,4216,0,1,10,
1400,4217,0,1,7,
1400,4218,0,1,8,
1400,4220,0,0,6,
1400,4221,0,0,3,
1400,4222,0,1,3,
1400,4223,0,0,7,
1400,4224,0,0,1,
1400,4225,0,0,1,
1400,4226,0,0,5,
1400,4227,0,0,3,
1400,4228,0,0,4,
1400,4229,0,0,5,
1400,4230,0,0,1,
1400,4231,0,0,1,
1400,4232,0,0,2,
1400,4233,0,0,0,
1400,4234,0,0,0,
1400,4235,0,0,0,
1420,4042,0,7,92,
1420,4080,0,3,74,
1420,4109,0,4,57,
1420,4129,0,5,71,
1420,4135,0,1,48,
1420,4142,0,5,38,
1420,4145,0,1,55,
1420,4151,0,1,36,
1420,4154,0,0,48,
1420,4157,0,1,58,
1420,4159,0,2,31,
1420,4162,0,5,38,
1420,4164,0,5,35,
1420,4171,0,3,29,
1420,4184,0,0,31,
1420,4185,0,2,20,
1420,4194,0,1,32,
1420,4198,0,2,41,
1420,4204,0,3,32,
1420,4205,0,3,44,
1420,4209,0,1,30,
1420,4213,0,3,17,
1420,4215,0,2,24,
1420,4216,0,2,24,
1420,4222,0,2,25,
1420,4223,0,1,21,
1420,4224,0,0,13,
1420,4225,0,2,15,
1420,4226,0,1,26,
1420,4227,0,0,21,
1420,4230,0,1,20,
1420,4231,0,0,14,
1420,4233,0,1,14,
1420,4235,0,1,23,
1420,4237,0,1,23,
1420,4238,0,1,21,
1420,4240,0,2,26,
1420,4241,0,2,7,
1420,4242,0,0,16,
1420,4245,0,0,11,
1420,4250,0,0,17,
1420,4253,0,0,17,
1420,4255,0,3,16,
1420,4256,0,2,8,
1420,4257,0,1,14,
1420,4258,0,2,10,
1420,4259,0,1,18,
1420,4260,0,2,14,
1420,4261,0,1,10,
1420,4262,0,1,9,
1420,4264,0,1,9,
1420,4266,0,1,11,
1420,4268,0,1,13,
1420,4269,0,0,7,
1420,4270,0,0,13,
1420,4271,0,2,7,
1420,4272,0,0,11,
1420,4276,0,1,12,
1420,4277,0,0,7,
1420,4278,0,1,3,
1420,4279,0,0,11,
1420,4280,0,0,3,
1420,4281,0,0,6,
1420,4282,0,1,4,
1420,4283,0,0,6,
1420,4284,0,0,1,
1420,4285,0,0,2,
1420,4286,0,0,6,
1420,4287,0,0,2,
1420,4288,0,0,3,
1420,4290,0,0,1,
1420,4291,0,1,0,
1420,4292,0,0,1,
1420,4293,0,0,0,
1420,4294,0,0,0,
1420,4295,0,0,0,
1440,4080,0,5,96,
1440,4129,0,8,98,
1440,4142,0,6,61,
1440,4145,0,1,72,
1440,4154,0,2,66,
1440,4157,0,2,70,
1440,4204,0,5,52,
1440,4205,0,6,65,
1440,4209,0,5,52,
1440,4215,0,3,50,
1440,4216,0,6,39,
1440,4223,0,4,39,
1440,4224,0,1,26,
1440,4225,0,6,30,
1440,4227,0,3,38,
1440,4231,0,1,22,
1440,4235,0,2,41,
1440,4240,0,4,48,
1440,4241,0,4,32,
1440,4253,0,1,39,
1440,4255,0,5,27,
1440,4256,0,2,24,
1440,4257,0,3,28,
1440,4258,0,3,29,
1440,4259,0,2,37,
1440,4269,0,2,28,
1440,4270,0,0,23,
1440,4271,0,3,25,
1440,4276,0,2,34,
1440,4279,0,1,29,
1440,4281,0,5,18,
1440,4288,0,1,17,
1440,4291,0,2,16,
1440,4294,0,1,20,
1440,4296,0,2,21,
1440,4303,0,2,12,
1440,4304,0,1,14,
1440,4305,0,0,10,
1440,4306,0,2,19,
1440,4307,0,1,17,
1440,4308,0,1,15,
1440,4309,0,1,16,
1440,4310,0,1,11,
1440,4311,0,3,18,
1440,4312,0,1,14,
1440,4313,0,3,10,
1440,4314,0,0,9,
1440,4315,0,0,11,
1440,4317,0,3,9,
1440,4319,0,0,10,
1440,4320,0,1,19,
1440,4324,0,2,9,
1440,4325,0,2,8,
1440,4327,0,1,7,
1440,4330,0,0,11,
1440,4331,0,0,8,
1440,4332,0,0,5,
1440,4333,0,0,7,
1440,4334,0,0,6,
1440,4335,0,0,6,
1440,4336,0,3,7,
1440,4337,0,0,5,
1440,4339,0,2,2,
1440,4340,0,0,6,
1440,4342,0,0,8,
1440,4343,0,0,2,
1440,4344,0,0,2,
1440,4345,0,0,4,
1440,4346,0,0,3,
1440,4347,0,0,4,
1440,4348,0,0,3,
1440,4349,0,2,3,
1440,4350,0,0,2,
1440,4352,0,0,2,
1440,4354,0,0,0,
1440,4355,0,0,0,
1460,4080,0,5,117,
1460,4129,0,10,121,
1460,4142,0,7,83,
1460,4145,0,1,89,
1460,4157,0,5,86,
1460,4204,0,7,72,
1460,4205,0,6,86,
1460,4209,0,6,75,
1460,4225,0,8,44,
1460,4227,0,5,55,
1460,4240,0,6,63,
1460,4241,0,6,49,
1460,4253,0,2,57,
1460,4256,0,5,47,
1460,4279,0,3,46,
1460,4291,0,3,43,
1460,4303,0,2,20,
1460,4304,0,1,31,
1460,4305,0,2,35,
1460,4308,0,1,21,
1460,4309,0,3,38,
1460,4320,0,2,41,
1460,4324,0,7,28,
1460,4327,0,2,27,
1460,4332,0,0,24,
1460,4334,0,1,24,
1460,4335,0,1,28,
1460,4339,0,5,22,
1460,4342,0,2,27,
1460,4343,0,2,21,
1460,4344,0,1,27,
1460,4347,0,2,19,
1460,4348,0,2,28,
1460,4355,0,0,13,
1460,4359,0,2,20,
1460,4363,0,2,20,
1460,4364,0,0,13,
1460,4365,0,1,14,
1460,4367,0,0,18,
1460,4368,0,0,12,
1460,4369,0,0,10,
1460,4370,0,1,14,
1460,4372,0,3,10,
1460,4374,0,1,11,
1460,4376,0,2,11,
1460,4377,0,1,10,
1460,4379,0,3,12,
1460,4381,0,0,12,
1460,4382,0,1,14,
1460,4385,0,1,1,
1460,4386,0,1,8,
1460,4387,0,0,2,
1460,4389,0,2,8,
1460,4390,0,0,7,
1460,4392,0,0,2,
1460,4393,0,0,15,
1460,4394,0,0,7,
1460,4395,0,1,6,
1460,4396,0,1,3,
1460,4398,0,1,3,
1460,4399,0,0,3,
1460,4400,0,0,10,
1460,4401,0,0,8,
1460,4402,0,1,3,
1460,4403,0,0,3,
1460,4404,0,1,2,
1460,4405,0,0,3,
1460,4406,0,0,3,
1460,4407,0,0,1,
1460,4408,0,0,2,
1460,4409,0,0,5,
1460,4411,0,0,2,
1460,4412,0,0,1,
1460,4413,0,0,0,
1460,4414,0,0,0,
1460,4415,0,0,0,
1480,4080,0,8,139,
1480,4142,0,8,95,
1480,4145,0,6,113,
1480,4209,0,8,97,
1480,4240,0,7,80,
1480,4253,0,2,72,
1480,4279,0,5,75,
1480,4304,0,1,46,
1480,4308,0,2,35,
1480,4334,0,5,44,
1480,4335,0,3,45,
1480,4343,0,3,34,
1480,4359,0,4,40,
1480,4363,0,3,31,
1480,4364,0,6,26,
1480,4365,0,7,29,
1480,4367,0,4,34,
1480,4370,0,5,30,
1480,4372,0,4,33,
1480,4381,0,1,29,
1480,4382,0,3,24,
1480,4385,0,5,17,
1480,4387,0,1,23,
1480,4392,0,4,20,
1480,4394,0,3,29,
1480,4395,0,3,23,
1480,4396,0,1,18,
1480,4398,0,1,10,
1480,4400,0,0,23,
1480,4401,0,3,22,
1480,4404,0,4,24,
1480,4409,0,3,24,
1480,4412,0,1,14,
1480,4413,0,2,19,
1480,4414,0,4,22,
1480,4416,0,4,22,
1480,4417,0,2,17,
1480,4419,0,1,21,
1480,4422,0,2,15,
1480,4423,0,1,29,
1480,4426,0,2,22,
1480,4427,0,2,16,
1480,4432,0,0,13,
1480,4433,0,1,11,
1480,4435,0,4,14,
1480,4436,0,3,10,
1480,4437,0,0,16,
1480,4439,0,0,9,
1480,4441,0,3,7,
1480,4442,0,1,10,
1480,4445,0,0,6,
1480,4447,0,1,15,
1480,4449,0,1,9,
1480,4450,0,2,6,
1480,4451,0,1,5,
1480,4452,0,2,7,
1480,4453,0,2,8,
1480,4454,0,0,8,
1480,4455,0,0,6,
1480,4456,0,1,6,
1480,4457,0,2,2,
1480,4458,0,0,6,
1480,4459,0,1,7,
1480,4461,0,0,4,
1480,4462,0,1,6,
1480,4463,0,0,1,
1480,4465,0,2,4,
1480,4466,0,0,1,
1480,4467,0,0,3,
1480,4468,0,0,6,
1480,4469,0,0,2,
1480,4470,0,0,1,
1480,4471,0,0,1,
1480,4472,0,0,0,
1480,4473,0,0,0,
1480,4474,0,0,0,
